1,w,sub_t,h,l1,l2,l3,g1,g2,Freq,S11_re,S21_re,S11_img,S21_img,S11_dB,S21_dB
11.185,2.0,1.0,1.0,33.9,33.5,33.5,4.1,2.4,2.5,0.803971173231526,-0.00788915102480224,0.583463002000734,0.00492057397082041,-0.057714,-40.632312
11.185,2.0,1.0,1.0,33.9,33.5,33.5,4.1,2.4,2.5025,0.7997488515905994,-0.00803447420161859,0.5891323759950295,0.004921634745226215,-0.058258,-40.51708
11.185,2.0,1.0,1.0,33.9,33.5,33.5,4.1,2.4,2.505,0.795466716524188,-0.00818213623424419,0.5947960273620511,0.004921468323242879,-0.058811,-40.401566
11.185,2.0,1.0,1.0,33.9,33.5,33.5,4.1,2.4,2.5075,0.791124190035079,-0.008332176340053786,0.6004535622101254,0.0049200321251840155,-0.059373,-40.285763
11.185,2.0,1.0,1.0,33.9,33.5,33.5,4.1,2.4,2.51,0.7867206865803287,-0.008484634522753142,0.6061045754979056,0.0049172821814039945,-0.059944,-40.169663
11.185,2.0,1.0,1.0,33.9,33.5,33.5,4.1,2.4,2.5125,0.7822556130093802,-0.008639551590284782,0.6117486507061175,0.004913173081123813,-0.060525,-40.05326
11.185,2.0,1.0,1.0,33.9,33.5,33.5,4.1,2.4,2.515,0.7777283685039826,-0.008796969173153034,0.6173853594996843,0.004907657919134636,-0.061116,-39.936548
11.185,2.0,1.0,1.0,33.9,33.5,33.5,4.1,2.4,2.5175,0.7731383445200887,-0.00895692974317853,0.6230142613799257,0.004900688240279854,-0.061717,-39.819517
11.185,2.0,1.0,1.0,33.9,33.5,33.5,4.1,2.4,2.52,0.7684849247318775,-0.009119476632691779,0.6286349033265515,0.004892213981611037,-0.062328,-39.702162
11.185,2.0,1.0,1.0,33.9,33.5,33.5,4.1,2.4,2.5225,0.7637674849781084,-0.009284654054175563,0.6342468194291176,0.004882183412106872,-0.06295,-39.584474
11.185,2.0,1.0,1.0,33.9,33.5,33.5,4.1,2.4,2.525,0.7589853932109653,-0.009452507120367503,0.6398495305076501,0.004870543069839409,-0.063582,-39.466446
11.185,2.0,1.0,1.0,33.9,33.5,33.5,4.1,2.4,2.5275,0.754138009447602,-0.009623081864832399,0.645442543722101,0.004857237696464326,-0.064226,-39.348071
11.185,2.0,1.0,1.0,33.9,33.5,33.5,4.1,2.4,2.53,0.7492246857245962,-0.009796425263015416,0.6510253521702936,0.004842210168905763,-0.064881,-39.22934
11.185,2.0,1.0,1.0,33.9,33.5,33.5,4.1,2.4,2.5325,0.7442447660555224,-0.00997258525378701,0.6565974344740181,0.004825401428099224,-0.065547,-39.110247
11.185,2.0,1.0,1.0,33.9,33.5,33.5,4.1,2.4,2.535,0.7391975863918745,-0.010151610761490985,0.6621582543529156,0.0048067504046476785,-0.066226,-38.990781
11.185,2.0,1.0,1.0,33.9,33.5,33.5,4.1,2.4,2.5375,0.734082474587584,-0.010333551718506107,0.6677072601857741,0.004786193941238417,-0.066916,-38.870937
11.185,2.0,1.0,1.0,33.9,33.5,33.5,4.1,2.4,2.54,0.7288987503673771,-0.010518459088334119,0.6732438845588627,0.004763666711659528,-0.067619,-38.750705
11.185,2.0,1.0,1.0,33.9,33.5,33.5,4.1,2.4,2.5425,0.7236457252992384,-0.010706384889224414,0.6787675438009048,0.004739101136244795,-0.068335,-38.630077
11.185,2.0,1.0,1.0,33.9,33.5,33.5,4.1,2.4,2.545,0.7183227027712604,-0.010897382218348201,0.6842776375042846,0.004712427293567171,-0.069063,-38.509044
11.185,2.0,1.0,1.0,33.9,33.5,33.5,4.1,2.4,2.5475,0.7129289779731733,-0.011091505276533652,0.6897735480320576,0.00468357282818937,-0.069805,-38.387598
11.185,2.0,1.0,1.0,33.9,33.5,33.5,4.1,2.4,2.55,0.7074638378828491,-0.011288809393574167,0.6952546400103523,0.004652462854268872,-0.070561,-38.26573
11.185,2.0,1.0,1.0,33.9,33.5,33.5,4.1,2.4,2.5525,0.7019265612581184,-0.011489351054122129,0.7007202598056771,0.004619019854803824,-0.07133,-38.14343
11.185,2.0,1.0,1.0,33.9,33.5,33.5,4.1,2.4,2.555,0.696316418634226,-0.011693187924180426,0.7061697349867068,0.004583163576291691,-0.072114,-38.020691
11.185,2.0,1.0,1.0,33.9,33.5,33.5,4.1,2.4,2.5575,0.6906326723272717,-0.011900378878203825,0.7116023737700453,0.0045448109185602485,-0.072912,-37.897502
11.185,2.0,1.0,1.0,33.9,33.5,33.5,4.1,2.4,2.56,0.6848745764440258,-0.012110984026823349,0.7170174644494716,0.004503875819514583,-0.073726,-37.773854
11.185,2.0,1.0,1.0,33.9,33.5,33.5,4.1,2.4,2.5625,0.6790413768984894,-0.01232506474520531,0.7224142748081585,0.004460269134529314,-0.074555,-37.649738
11.185,2.0,1.0,1.0,33.9,33.5,33.5,4.1,2.4,2.565,0.6731323114356123,-0.012542683702058058,0.7277920515133333,0.0044138985101969275,-0.0754,-37.525143
11.185,2.0,1.0,1.0,33.9,33.5,33.5,4.1,2.4,2.5675,0.667146609662599,-0.012763904889298199,0.7331500194928223,0.004364668252126198,-0.076261,-37.400059
11.185,2.0,1.0,1.0,33.9,33.5,33.5,4.1,2.4,2.57,0.6610834930882407,-0.01298879365238919,0.7384873812929158,0.004312479186464968,-0.077139,-37.274478
11.185,2.0,1.0,1.0,33.9,33.5,33.5,4.1,2.4,2.5725,0.6549421751707434,-0.01321741672136376,0.7438033164169615,0.004257228514799787,-0.078033,-37.148387
11.185,2.0,1.0,1.0,33.9,33.5,33.5,4.1,2.4,2.575,0.648721861374541,-0.01344984224254254,0.7490969806440703,0.0041988096620644505,-0.078946,-37.021777
11.185,2.0,1.0,1.0,33.9,33.5,33.5,4.1,2.4,2.5775,0.6424217492366051,-0.013686139810959373,0.7543675053272993,0.00413711211706356,-0.079876,-36.894636
11.185,2.0,1.0,1.0,33.9,33.5,33.5,4.1,2.4,2.58,0.636041028442788,-0.013926380503505779,0.7596139966706492,0.004072021265192587,-0.080824,-36.766954
11.185,2.0,1.0,1.0,33.9,33.5,33.5,4.1,2.4,2.5825,0.6295788809147544,-0.01417063691280361,0.7648355349841959,0.004003418212907764,-0.081792,-36.63872
11.185,2.0,1.0,1.0,33.9,33.5,33.5,4.1,2.4,2.585,0.623034480908094,-0.014418983181816584,0.7700311739166354,0.003931179603469019,-0.082779,-36.509922
11.185,2.0,1.0,1.0,33.9,33.5,33.5,4.1,2.4,2.5875,0.6164069951222185,-0.014671495039209535,0.7751999396645064,0.003855177423447257,-0.083786,-36.380548
11.185,2.0,1.0,1.0,33.9,33.5,33.5,4.1,2.4,2.59,0.609695582822696,-0.014928249835463035,0.7803408301573103,0.003775278799452731,-0.084813,-36.250586
11.185,2.0,1.0,1.0,33.9,33.5,33.5,4.1,2.4,2.5925,0.6028993959766752,-0.01518932657975108,0.7854528142177336,0.0036913457845027106,-0.085862,-36.120025
11.185,2.0,1.0,1.0,33.9,33.5,33.5,4.1,2.4,2.595,0.5960175794021242,-0.01545480597758621,0.7905348306961131,0.003603235133408132,-0.086932,-35.988851
11.185,2.0,1.0,1.0,33.9,33.5,33.5,4.1,2.4,2.5975,0.5890492709315865,-0.015724770469236808,0.7955857875782931,0.0035107980665127258,-0.088024,-35.857052
11.185,2.0,1.0,1.0,33.9,33.5,33.5,4.1,2.4,2.6,0.5819936015912387,-0.01599930426891826,0.8006045610659356,0.0034138800210730806,-0.089139,-35.724615
11.185,2.0,1.0,1.0,33.9,33.5,33.5,4.1,2.4,2.6025,0.5748496957960436,-0.016278493404757326,0.8055899946283331,0.003312320389515937,-0.090277,-35.591526
11.185,2.0,1.0,1.0,33.9,33.5,33.5,4.1,2.4,2.605,0.5676166715618295,-0.016562425759527186,0.8105408980247174,0.00320595224375327,-0.09144,-35.457772
11.185,2.0,1.0,1.0,33.9,33.5,33.5,4.1,2.4,2.6075,0.5602936407351667,-0.016851191112146936,0.8154560462960164,0.003094602044676822,-0.092628,-35.323339
11.185,2.0,1.0,1.0,33.9,33.5,33.5,4.1,2.4,2.61,0.5528797092419618,-0.01714488117993582,0.8203341787249365,0.0029780893358878355,-0.093841,-35.188212
11.185,2.0,1.0,1.0,33.9,33.5,33.5,4.1,2.4,2.6125,0.5453739773557055,-0.017443589661608624,0.8251739977632274,0.002856226420647459,-0.09508,-35.052377
11.185,2.0,1.0,1.0,33.9,33.5,33.5,4.1,2.4,2.615,0.5377755399863751,-0.017747412280993666,0.8299741679248871,0.0027288180209565924,-0.096347,-34.915819
11.185,2.0,1.0,1.0,33.9,33.5,33.5,4.1,2.4,2.6175,0.5300834869910285,-0.018056446831448886,0.8347333146440287,0.0025956609175908697,-0.097641,-34.778523
11.185,2.0,1.0,1.0,33.9,33.5,33.5,4.1,2.4,2.62,0.5222969035071722,-0.01837079322094604,0.839450023096032,0.0024565435698250602,-0.098964,-34.640472
11.185,2.0,1.0,1.0,33.9,33.5,33.5,4.1,2.4,2.6225,0.5144148703100254,-0.018690553517784647,0.8441228369805504,0.0023112457134839,-0.100316,-34.50165
11.185,2.0,1.0,1.0,33.9,33.5,33.5,4.1,2.4,2.625,0.506436464194881,-0.0190158319968886,0.848750257264835,0.00215953793584713,-0.101699,-34.36204
11.185,2.0,1.0,1.0,33.9,33.5,33.5,4.1,2.4,2.6275,0.4983607583857721,-0.01934673518663035,0.8533307408857643,0.0020011812258208424,-0.103114,-34.221626
11.185,2.0,1.0,1.0,33.9,33.5,33.5,4.1,2.4,2.63,0.49018682297175387,-0.019683371916112566,0.857862699408843,0.0018359264976579304,-0.104561,-34.08039
11.185,2.0,1.0,1.0,33.9,33.5,33.5,4.1,2.4,2.6325,0.4819137253721312,-0.020025853362828385,0.8623444976423567,0.0016635140863720988,-0.106041,-33.938314
11.185,2.0,1.0,1.0,33.9,33.5,33.5,4.1,2.4,2.635,0.4735405308320513,-0.02037429310060211,0.8667744522047042,0.0014836732128355897,-0.107555,-33.79538
11.185,2.0,1.0,1.0,33.9,33.5,33.5,4.1,2.4,2.6375,0.46506630294993334,-0.020728807147697214,0.8711508300428307,0.001296121416384541,-0.109106,-33.651567
11.185,2.0,1.0,1.0,33.9,33.5,33.5,4.1,2.4,2.64,0.456490104238257,-0.021089514014957976,0.8754718468995225,0.0011005639525727962,-0.110693,-33.506857
11.185,2.0,1.0,1.0,33.9,33.5,33.5,4.1,2.4,2.6425,0.4478109967193422,-0.02145653475382606,0.8797356657271632,0.0008966931535128948,-0.112317,-33.36123
11.185,2.0,1.0,1.0,33.9,33.5,33.5,4.1,2.4,2.645,0.4390280425577912,-0.021829993004049683,0.8839403950453795,0.0006841877480249823,-0.113981,-33.214664
11.185,2.0,1.0,1.0,33.9,33.5,33.5,4.1,2.4,2.6475,0.43014030473137416,-0.02221001504086827,0.8880840872397778,0.0004627121385696901,-0.115686,-33.067138
11.185,2.0,1.0,1.0,33.9,33.5,33.5,4.1,2.4,2.65,0.42114684774218053,-0.022596729821424008,0.8921647367988279,0.00023191563167739837,-0.117432,-32.918631
11.185,2.0,1.0,1.0,33.9,33.5,33.5,4.1,2.4,2.6525,0.41204673837002953,-0.022990269030105752,0.8961802784856006,-8.568381707948581e-06,-0.119222,-32.769118
11.185,2.0,1.0,1.0,33.9,33.5,33.5,4.1,2.4,2.655,0.40283904647012575,-0.02339076712248889,0.9001285854409087,-0.00025912329987406546,-0.121056,-32.618578
11.185,2.0,1.0,1.0,33.9,33.5,33.5,4.1,2.4,2.6575,0.39352284581715125,-0.023798361367474357,0.9040074672140217,-0.0005201502422339941,-0.122936,-32.466985
11.185,2.0,1.0,1.0,33.9,33.5,33.5,4.1,2.4,2.66,0.3840972149980242,-0.024213191887171942,0.907814667716849,-0.0007920690441196586,-0.124865,-32.314314
11.185,2.0,1.0,1.0,33.9,33.5,33.5,4.1,2.4,2.6625,0.37456123835573685,-0.02463540169399518,0.9115478630970786,-0.0010753193195601413,-0.126843,-32.16054
11.185,2.0,1.0,1.0,33.9,33.5,33.5,4.1,2.4,2.665,0.36491400698675963,-0.025065136724354956,0.9152046595253837,-0.0013703615976102823,-0.128873,-32.005637
11.185,2.0,1.0,1.0,33.9,33.5,33.5,4.1,2.4,2.6675,0.35515461979470686,-0.025502545868238885,0.9187825908913408,-0.0016776785383234845,-0.130956,-31.849575
11.185,2.0,1.0,1.0,33.9,33.5,33.5,4.1,2.4,2.67,0.34528218460307414,-0.02594778099385009,0.9222791164021795,-0.001997776235053562,-0.133095,-31.692327
11.185,2.0,1.0,1.0,33.9,33.5,33.5,4.1,2.4,2.6725,0.3352958193300487,-0.026400996966351425,0.9256916180779527,-0.002331185610421779,-0.135291,-31.533864
11.185,2.0,1.0,1.0,33.9,33.5,33.5,4.1,2.4,2.675,0.32519465322860663,-0.02686235165960556,0.9290173981360409,-0.002678463914010549,-0.137547,-31.374154
11.185,2.0,1.0,1.0,33.9,33.5,33.5,4.1,2.4,2.6775,0.3149778281953105,-0.02733200595962829,0.9322536762572172,-0.0030401963306515884,-0.139865,-31.213166
11.185,2.0,1.0,1.0,33.9,33.5,33.5,4.1,2.4,2.68,0.30464450015146655,-0.027810123758267948,0.9353975867247007,-0.0034169977090750692,-0.142247,-31.050867
11.185,2.0,1.0,1.0,33.9,33.5,33.5,4.1,2.4,2.6825,0.29419384050059216,-0.02829687193538608,0.9384461754267189,-0.0038095144216851364,-0.144697,-30.887223
11.185,2.0,1.0,1.0,33.9,33.5,33.5,4.1,2.4,2.685,0.2836250376664361,-0.028792420327539994,0.9413963967120942,-0.004218426367345404,-0.147216,-30.722199
11.185,2.0,1.0,1.0,33.9,33.5,33.5,4.1,2.4,2.6875,0.2729372987161496,-0.029296941680847035,0.9442451100872601,-0.004644449130305971,-0.149808,-30.555757
11.185,2.0,1.0,1.0,33.9,33.5,33.5,4.1,2.4,2.69,0.2621298510736239,-0.02981061158533563,0.9469890767417938,-0.005088336309797489,-0.152476,-30.38786
11.185,2.0,1.0,1.0,33.9,33.5,33.5,4.1,2.4,2.6925,0.2512019443284238,-0.030333608387656648,0.9496249558881668,-0.005550882036383983,-0.155222,-30.218468
11.185,2.0,1.0,1.0,33.9,33.5,33.5,4.1,2.4,2.695,0.24015285214632917,-0.030866113078514182,0.9521493008997508,-0.006032923692917233,-0.158051,-30.04754
11.185,2.0,1.0,1.0,33.9,33.5,33.5,4.1,2.4,2.6975,0.22898187428804093,-0.031408309150587524,0.9545585552292902,-0.006535344859907433,-0.160966,-29.875033
11.185,2.0,1.0,1.0,33.9,33.5,33.5,4.1,2.4,2.7,0.2176883387433421,-0.03196038242201597,0.9568490480880123,-0.007059078507336429,-0.16397,-29.700903
11.185,2.0,1.0,1.0,33.9,33.5,33.5,4.1,2.4,2.7025,0.20627160398878483,-0.03252252081970666,0.9590169898631471,-0.007605110457437102,-0.167069,-29.525102
11.185,2.0,1.0,1.0,33.9,33.5,33.5,4.1,2.4,2.705,0.1947310613779438,-0.03309491411576926,0.9610584672489974,-0.008174483145770337,-0.170265,-29.347582
11.185,2.0,1.0,1.0,33.9,33.5,33.5,4.1,2.4,2.7075,0.18306613767432117,-0.0336777536092599,0.9629694380636777,-0.00876829971110972,-0.173565,-29.168293
11.185,2.0,1.0,1.0,33.9,33.5,33.5,4.1,2.4,2.71,0.17127629773832453,-0.03427123174409762,0.9647457257201782,-0.009387728448230957,-0.176972,-28.987181
11.185,2.0,1.0,1.0,33.9,33.5,33.5,4.1,2.4,2.7125,0.15936104738117654,-0.034875541652459235,0.9663830133165386,-0.010034007661772358,-0.180491,-28.804193
11.185,2.0,1.0,1.0,33.9,33.5,33.5,4.1,2.4,2.715,0.1473199364004281,-0.0354908766111301,0.9678768373054314,-0.010708450963939915,-0.18413,-28.619269
11.185,2.0,1.0,1.0,33.9,33.5,33.5,4.1,2.4,2.7175,0.1351525618138028,-0.03611742939611393,0.969222580698376,-0.011412453064070124,-0.187893,-28.43235
11.185,2.0,1.0,1.0,33.9,33.5,33.5,4.1,2.4,2.72,0.12285857131055913,-0.03675539151824506,0.9704154657540264,-0.012147496104019795,-0.191786,-28.243373
11.185,2.0,1.0,1.0,33.9,33.5,33.5,4.1,2.4,2.7225,0.11043766694246492,-0.03740495231950372,0.9714505460932913,-0.012915156600141175,-0.195818,-28.052272
11.185,2.0,1.0,1.0,33.9,33.5,33.5,4.1,2.4,2.725,0.09788960907995636,-0.03806629790611905,0.9723226981764929,-0.013717113060342312,-0.199994,-27.858977
11.185,2.0,1.0,1.0,33.9,33.5,33.5,4.1,2.4,2.7275,0.0852142206631371,-0.038739609890253615,0.973026612068992,-0.014555154353590623,-0.204324,-27.663416
11.185,2.0,1.0,1.0,33.9,33.5,33.5,4.1,2.4,2.73,0.07241139178224897,-0.03942506390692799,0.9735567814117191,-0.015431188919345761,-0.208815,-27.465512
11.185,2.0,1.0,1.0,33.9,33.5,33.5,4.1,2.4,2.7325,0.05948108462801335,-0.04012282786673195,0.9739074925015508,-0.0163472549160347,-0.213476,-27.265186
11.185,2.0,1.0,1.0,33.9,33.5,33.5,4.1,2.4,2.735,0.046423338859441936,-0.04083305989753053,0.9740728123731125,-0.01730553142102553,-0.218318,-27.062353
11.185,2.0,1.0,1.0,33.9,33.5,33.5,4.1,2.4,2.7375,0.03323827744505064,-0.04155590591958757,0.9740465757583499,-0.018308350809917998,-0.223351,-26.856926
11.185,2.0,1.0,1.0,33.9,33.5,33.5,4.1,2.4,2.74,0.01992611304368355,-0.04229149678795296,0.9738223707824785,-0.01935821246066529,-0.228587,-26.64881
11.185,2.0,1.0,1.0,33.9,33.5,33.5,4.1,2.4,2.7425,0.006487155003458865,-0.04303994492322025,0.9733935232344222,-0.020457797948480044,-0.234038,-26.437908
11.185,2.0,1.0,1.0,33.9,33.5,33.5,4.1,2.4,2.745,-0.007078182927742071,-0.04380134033637147,0.9727530792261273,-0.02160998792110456,-0.239718,-26.224117
11.185,2.0,1.0,1.0,33.9,33.5,33.5,4.1,2.4,2.7475,-0.020769374068705937,-0.044575745934783285,0.9718937860275612,-0.022817880871403837,-0.245641,-26.007326
11.185,2.0,1.0,1.0,33.9,33.5,33.5,4.1,2.4,2.75,-0.0345857693147231,-0.0453631919738374,0.970808070832161,-0.0240848140560047,-0.251824,-25.787421
11.185,2.0,1.0,1.0,33.9,33.5,33.5,4.1,2.4,2.7525,-0.0485265865303842,-0.04616366949102269,0.9694880171701491,-0.025414386845629862,-0.258284,-25.56428
11.185,2.0,1.0,1.0,33.9,33.5,33.5,4.1,2.4,2.755,-0.06259089863209481,-0.04697712252577654,0.9679253386436304,-0.026810486835763574,-0.26504,-25.337773
11.185,2.0,1.0,1.0,33.9,33.5,33.5,4.1,2.4,2.7575,-0.07677762012672888,-0.04780343888712481,0.9661113496064697,-0.0282773190964232,-0.272114,-25.107764
11.185,2.0,1.0,1.0,33.9,33.5,33.5,4.1,2.4,2.76,-0.09108549182323335,-0.048642439180597234,0.9640369323525046,-0.02981943899835749,-0.279529,-24.874109
11.185,2.0,1.0,1.0,33.9,33.5,33.5,4.1,2.4,2.7625,-0.10551306337282193,-0.04949386374358627,0.9616925003058865,-0.03144178912148525,-0.287309,-24.636652
11.185,2.0,1.0,1.0,33.9,33.5,33.5,4.1,2.4,2.765,-0.12005867321760583,-0.05035735706131534,0.9590679566256018,-0.033149740831596775,-0.295483,-24.395232
11.185,2.0,1.0,1.0,33.9,33.5,33.5,4.1,2.4,2.7675,-0.1347204254334079,-0.05123244914010383,0.9561526475401587,-0.03494914120539935,-0.304082,-24.149674
11.185,2.0,1.0,1.0,33.9,33.5,33.5,4.1,2.4,2.77,-0.1494961628352788,-0.05211853319582246,0.9529353096155291,-0.036846366094395296,-0.313141,-23.899794
11.185,2.0,1.0,1.0,33.9,33.5,33.5,4.1,2.4,2.7725,-0.16438343556754306,-0.05301483886710418,0.9494040100265758,-0.03884838024776053,-0.322696,-23.645394
11.185,2.0,1.0,1.0,33.9,33.5,33.5,4.1,2.4,2.775,-0.17937946421620915,-0.05392039997697689,0.94554607874582,-0.04096280556678706,-0.332791,-23.386265
11.185,2.0,1.0,1.0,33.9,33.5,33.5,4.1,2.4,2.7775,-0.19448109624969953,-0.05483401563273267,0.9413480313793304,-0.0431979987425239,-0.343473,-23.122182
11.185,2.0,1.0,1.0,33.9,33.5,33.5,4.1,2.4,2.78,-0.20968475430071137,-0.05575420315848613,0.9367954811628914,-0.04556313973854671,-0.354795,-22.852905
11.185,2.0,1.0,1.0,33.9,33.5,33.5,4.1,2.4,2.7825,-0.22498637442966857,-0.056679140980337064,0.9318730383770472,-0.04806833282740417,-0.366815,-22.578179
11.185,2.0,1.0,1.0,33.9,33.5,33.5,4.1,2.4,2.785,-0.24038133203569942,-0.057606599107111474,0.9265641951409889,-0.05072472217785415,-0.379602,-22.297728
11.185,2.0,1.0,1.0,33.9,33.5,33.5,4.1,2.4,2.7875,-0.2558643524732581,-0.058533854239705974,0.9208511931962409,-0.05354462432633128,-0.393231,-22.011258
11.185,2.0,1.0,1.0,33.9,33.5,33.5,4.1,2.4,2.79,-0.27142940265106413,-0.05945758575856935,0.9147148718850396,-0.056541680255963525,-0.407786,-21.718452
11.185,2.0,1.0,1.0,33.9,33.5,33.5,4.1,2.4,2.7925,-0.28706955888038543,-0.06037374782788024,0.9081344930597043,-0.0597310302545845,-0.423366,-21.41897
11.185,2.0,1.0,1.0,33.9,33.5,33.5,4.1,2.4,2.795,-0.3027768449296449,-0.0612774115444913,0.9010875391241933,-0.06312951523204104,-0.440081,-21.112446
11.185,2.0,1.0,1.0,33.9,33.5,33.5,4.1,2.4,2.7975,-0.31854203253396224,-0.062162569352965644,0.8935494798083199,-0.06675590874426839,-0.458059,-20.798487
11.185,2.0,1.0,1.0,33.9,33.5,33.5,4.1,2.4,2.8,-0.33435439437070225,-0.06302189171473044,0.885493502617537,-0.07063118458604618,-0.477445,-20.476666
11.185,2.0,1.0,1.0,33.9,33.5,33.5,4.1,2.4,2.8025,-0.35020139656664967,-0.063846423083185,0.8768902012105443,-0.074778825449379,-0.498409,-20.146526
11.185,2.0,1.0,1.0,33.9,33.5,33.5,4.1,2.4,2.805,-0.36606831390732375,-0.06462520035810228,0.8677072152824343,-0.07922517874707564,-0.521147,-19.807572
11.185,2.0,1.0,1.0,33.9,33.5,33.5,4.1,2.4,2.8075,-0.38193774574397055,-0.06534477184588243,0.8579088149650942,-0.08399986617381416,-0.545885,-19.459266
11.185,2.0,1.0,1.0,33.9,33.5,33.5,4.1,2.4,2.81,-0.397789003687392,-0.06598858789227757,0.8474554224639813,-0.08913625374833219,-0.572893,-19.101032
11.185,2.0,1.0,1.0,33.9,33.5,33.5,4.1,2.4,2.8125,-0.4135973329228622,-0.06653622517355318,0.8363030639161491,-0.09467198865689266,-0.602484,-18.732241
11.185,2.0,1.0,1.0,33.9,33.5,33.5,4.1,2.4,2.815,-0.42933291653233147,-0.06696239430165271,0.8244027457618743,-0.10064960770537952,-0.63503,-18.352218
11.185,2.0,1.0,1.0,33.9,33.5,33.5,4.1,2.4,2.8175,-0.4449595954181418,-0.06723566379160283,0.811699753082641,-0.10711721876044114,-0.670975,-17.96023
11.185,2.0,1.0,1.0,33.9,33.5,33.5,4.1,2.4,2.82,-0.4604332137289266,-0.06731681103416223,0.7981328737226796,-0.1141292498513294,-0.710847,-17.555487
11.185,2.0,1.0,1.0,33.9,33.5,33.5,4.1,2.4,2.8225,-0.47569946901198645,-0.0671566806898768,0.7836335638220537,-0.12174724835284781,-0.755287,-17.13714
11.185,2.0,1.0,1.0,33.9,33.5,33.5,4.1,2.4,2.825,-0.49069110494133245,-0.06669339024552214,0.7681250913592973,-0.13004069114611846,-0.805067,-16.704274
11.185,2.0,1.0,1.0,33.9,33.5,33.5,4.1,2.4,2.8275,-0.5053242289971094,-0.06584866809047074,0.7515217305711602,-0.13908772970925362,-0.861133,-16.255918
11.185,2.0,1.0,1.0,33.9,33.5,33.5,4.1,2.4,2.83,-0.5194934639768294,-0.06452303767251363,0.7337281418272493,-0.1489757316013346,-0.924648,-15.791042
11.185,2.0,1.0,1.0,33.9,33.5,33.5,4.1,2.4,2.8325,-0.5330655469513154,-0.06258946866611255,0.7146391753968645,-0.1598013751430347,-0.99705,-15.308569
11.185,2.0,1.0,1.0,33.9,33.5,33.5,4.1,2.4,2.835,-0.5458708706215759,-0.05988500152711583,0.6941405109476768,-0.17166988009228867,-1.080134,-14.807397
11.185,2.0,1.0,1.0,33.9,33.5,33.5,4.1,2.4,2.8375,-0.5576923252673215,-0.05619972136165903,0.6721108320443012,-0.1846926697913807,-1.176157,-14.28643
11.185,2.0,1.0,1.0,33.9,33.5,33.5,4.1,2.4,2.84,-0.568250667551364,-0.051262334735581255,0.6484267073282034,-0.1989822897625364,-1.287973,-13.744635
11.185,2.0,1.0,1.0,33.9,33.5,33.5,4.1,2.4,2.8425,-0.5771855791669691,-0.044721554101498855,0.6229721170000475,-0.21464264676209843,-1.419217,-13.181125
11.185,2.0,1.0,1.0,33.9,33.5,33.5,4.1,2.4,2.845,-0.584031736298374,-0.03612267294018779,0.5956557835544004,-0.23175142643624522,-1.574539,-12.595302
11.185,2.0,1.0,1.0,33.9,33.5,33.5,4.1,2.4,2.8475,-0.588189925937261,-0.02487945658938542,0.5664413410901791,-0.2503297036447215,-1.759893,-11.987064
11.185,2.0,1.0,1.0,33.9,33.5,33.5,4.1,2.4,2.85,-0.5888952094448507,-0.010243467027722365,0.5353980808595199,-0.27029111909238995,-1.982886,-11.357131
11.185,2.0,1.0,1.0,33.9,33.5,33.5,4.1,2.4,2.8525,-0.5851886739311215,0.008722505844879049,0.5027834254197024,-0.2913596992408659,-2.253101,-10.70752
11.185,2.0,1.0,1.0,33.9,33.5,33.5,4.1,2.4,2.855,-0.5759087070811997,0.033150887383500895,0.46917127225182587,-0.3129426105373222,-2.582242,-10.042242
11.185,2.0,1.0,1.0,33.9,33.5,33.5,4.1,2.4,2.8575,-0.5597351264751618,0.06432244305638425,0.43563903873576937,-0.33394574677621747,-2.983588,-9.368276
11.185,2.0,1.0,1.0,33.9,33.5,33.5,4.1,2.4,2.86,-0.5353468527494668,0.10350613537472217,0.4040108521509625,-0.3525357436978126,-3.469603,-8.696824
11.185,2.0,1.0,1.0,33.9,33.5,33.5,4.1,2.4,2.8625,-0.5017840878697523,0.15159672838786803,0.3771058344807326,-0.36590044049497056,-4.045081,-8.044748
11.185,2.0,1.0,1.0,33.9,33.5,33.5,4.1,2.4,2.865,-0.45910440212071835,0.20846451390696943,0.3588358547731156,-0.37016299022101923,-4.69109,-7.435755
11.185,2.0,1.0,1.0,33.9,33.5,33.5,4.1,2.4,2.8675,-0.4093041658995625,0.27205041552145065,0.35384806605266833,-0.3607498329333065,-5.335204,-6.900466
11.185,2.0,1.0,1.0,33.9,33.5,33.5,4.1,2.4,2.87,-0.35714293520854395,0.33756965229020236,0.3663544238060689,-0.3335596398355661,-5.820857,-6.474021
11.185,2.0,1.0,1.0,33.9,33.5,33.5,4.1,2.4,2.8725,-0.3100590373816731,0.39762419799780313,0.39815236161689244,-0.2869167062810608,-5.94036,-6.190182
11.185,2.0,1.0,1.0,33.9,33.5,33.5,4.1,2.4,2.875,-0.276395630480773,0.443980126279173,0.44676564961689,-0.223381945411352,-5.591002,-6.072717
11.185,2.0,1.0,1.0,33.9,33.5,33.5,4.1,2.4,2.8775,-0.2623337801714576,0.4705974110516276,0.5053235545726503,-0.14983225838869155,-4.89226,-6.127675
11.185,2.0,1.0,1.0,33.9,33.5,33.5,4.1,2.4,2.88,-0.2694801966649017,0.4759843904533039,0.5648579263797406,-0.07516255628269118,-4.070641,-6.341181
11.185,2.0,1.0,1.0,33.9,33.5,33.5,4.1,2.4,2.8825,-0.29486034093490704,0.46316747610303693,0.6175665377827297,-0.00706131260280388,-3.29447,-6.68423
11.185,2.0,1.0,1.0,33.9,33.5,33.5,4.1,2.4,2.885,-0.3329689762026769,0.4376420163696233,0.658850728638631,0.04998200960989142,-2.636413,-7.121339
11.185,2.0,1.0,1.0,33.9,33.5,33.5,4.1,2.4,2.8875,-0.37810660991333106,0.40505994518426963,0.6873873127007099,0.09472418508683429,-2.10796,-7.618379
11.185,2.0,1.0,1.0,33.9,33.5,33.5,4.1,2.4,2.89,-0.4257588689699847,0.3698747812099008,0.7040478774957425,0.12808447989618715,-1.694408,-8.147044
11.185,2.0,1.0,1.0,33.9,33.5,33.5,4.1,2.4,2.8925,-0.4729359894872431,0.33501698324426754,0.7107054871153312,0.15195893891922158,-1.374091,-8.686127
11.185,2.0,1.0,1.0,33.9,33.5,33.5,4.1,2.4,2.895,-0.5179375168055187,0.30213526523963846,0.7094228376404871,0.16841776734708447,-1.126415,-9.220863
11.185,2.0,1.0,1.0,33.9,33.5,33.5,4.1,2.4,2.8975,-0.5599587298817881,0.2719910855771979,0.7020492230137915,0.17930944468537333,-0.93435,-9.741576
11.185,2.0,1.0,1.0,33.9,33.5,33.5,4.1,2.4,2.9,-0.5987435398397372,0.2448045262262726,0.6900865585983071,0.18613131439735378,-0.784627,-10.242277
11.185,2.0,1.0,1.0,33.9,33.5,33.5,4.1,2.4,2.9025,-0.6343386565163109,0.22049836717730184,0.6746906095296523,0.1900334045654693,-0.667188,-10.719514
11.185,2.0,1.0,1.0,33.9,33.5,33.5,4.1,2.4,2.905,-0.6669388806490567,0.19885116574386047,0.6567240078044045,0.1918727832393577,-0.574493,-11.171514
11.185,2.0,1.0,1.0,33.9,33.5,33.5,4.1,2.4,2.9075,-0.6967972203838416,0.1795858372526555,0.6368196118132001,0.19227753982944842,-0.500903,-11.597576
11.185,2.0,1.0,1.0,33.9,33.5,33.5,4.1,2.4,2.91,-0.7241761685696363,0.16241740043708658,0.6154374161206259,0.19170394055636825,-0.442188,-11.997655
11.185,2.0,1.0,1.0,33.9,33.5,33.5,4.1,2.4,2.9125,-0.7493233819679115,0.14707658381331576,0.5929102440802957,0.1904821879560783,-0.395159,-12.37209
11.185,2.0,1.0,1.0,33.9,33.5,33.5,4.1,2.4,2.915,-0.7724611139783397,0.13331987093049036,0.5694784559036988,0.18885112550527297,-0.357395,-12.721422
11.185,2.0,1.0,1.0,33.9,33.5,33.5,4.1,2.4,2.9175,-0.7937830363707066,0.12093228868100213,0.5453155433209359,0.18698381573514503,-0.327046,-13.046272
11.185,2.0,1.0,1.0,33.9,33.5,33.5,4.1,2.4,2.92,-0.8134547967508866,0.10972654508943792,0.5205467039031032,0.18500611420012536,-0.302685,-13.34727
11.185,2.0,1.0,1.0,33.9,33.5,33.5,4.1,2.4,2.9225,-0.8316162818470442,0.09954051127749099,0.49526220839632873,0.18301006747928086,-0.283205,-13.625003
11.185,2.0,1.0,1.0,33.9,33.5,33.5,4.1,2.4,2.925,-0.8483844957728932,0.09023411182093465,0.469526981530995,0.18106356354770556,-0.267743,-13.879985
11.185,2.0,1.0,1.0,33.9,33.5,33.5,4.1,2.4,2.9275,-0.8638564921546249,0.08168616368022188,0.4433874550430015,0.17921729829992025,-0.255618,-14.112638
11.185,2.0,1.0,1.0,33.9,33.5,33.5,4.1,2.4,2.93,-0.8781120909983346,0.07379141518511048,0.416876461219006,0.17750983102933057,-0.246294,-14.323278
11.185,2.0,1.0,1.0,33.9,33.5,33.5,4.1,2.4,2.9325,-0.8912162677196093,0.0664578813386367,0.39001671629289636,0.17597128344118804,-0.239347,-14.51211
11.185,2.0,1.0,1.0,33.9,33.5,33.5,4.1,2.4,2.935,-0.9032211822311381,0.059604490892284215,0.36282328309159745,0.17462607845466613,-0.23444,-14.679216
11.185,2.0,1.0,1.0,33.9,33.5,33.5,4.1,2.4,2.9375,-0.914167854251859,0.0531590204754481,0.335305287353324,0.173495002355832,-0.23131,-14.824558
11.185,2.0,1.0,1.0,33.9,33.5,33.5,4.1,2.4,2.94,-0.9240875060966244,0.047056272422279125,0.30746707994062056,0.17259679461701605,-0.229747,-14.947965
11.185,2.0,1.0,1.0,33.9,33.5,33.5,4.1,2.4,2.9425,-0.9330025966354353,0.04123644503495396,0.2793089782550095,0.1719494145296979,-0.229593,-15.049132
11.185,2.0,1.0,1.0,33.9,33.5,33.5,4.1,2.4,2.945,-0.9409275654843323,0.035643640713233095,0.2508276774793027,0.17157109587675623,-0.230729,-15.127611
11.185,2.0,1.0,1.0,33.9,33.5,33.5,4.1,2.4,2.9475,-0.947869297564578,0.03022445504921518,0.22201639069178522,0.171481275383526,-0.233074,-15.182802
11.185,2.0,1.0,1.0,33.9,33.5,33.5,4.1,2.4,2.95,-0.953827305966317,0.02492658628699861,0.1928647526772538,0.17170146434442402,-0.236577,-15.213942
11.185,2.0,1.0,1.0,33.9,33.5,33.5,4.1,2.4,2.9525,-0.958793615423089,0.019697397620309087,0.1633585026368957,0.17225612345632046,-0.241221,-15.220087
11.185,2.0,1.0,1.0,33.9,33.5,33.5,4.1,2.4,2.955,-0.9627523085022623,0.014482352713488066,0.13347894384633616,0.17317359716995323,-0.247021,-15.200098
11.185,2.0,1.0,1.0,33.9,33.5,33.5,4.1,2.4,2.9575,-0.9656786696208672,0.009223225061427082,0.1032021618931605,0.17448716509816015,-0.254027,-15.152613
11.185,2.0,1.0,1.0,33.9,33.5,33.5,4.1,2.4,2.96,-0.9675378245132611,0.0038559506253182433,0.07249796592163772,0.1762362739852647,-0.262325,-15.076015
11.185,2.0,1.0,1.0,33.9,33.5,33.5,4.1,2.4,2.9625,-0.9682827188550734,-0.00169205524749707,0.04132849791300378,0.17846802459847583,-0.272052,-14.968401
11.185,2.0,1.0,1.0,33.9,33.5,33.5,4.1,2.4,2.965,-0.9678511997443703,-0.00750537072874421,0.009646432147695077,0.18123900398441897,-0.283397,-14.827525
11.185,2.0,1.0,1.0,33.9,33.5,33.5,4.1,2.4,2.9675,-0.9661618417666689,-0.013685201749746622,-0.022607340284082303,0.18461757497819348,-0.296625,-14.650741
11.185,2.0,1.0,1.0,33.9,33.5,33.5,4.1,2.4,2.97,-0.9631079686882266,-0.020355735080384463,-0.055506678485515146,0.18868676068324738,-0.312099,-14.434919
11.185,2.0,1.0,1.0,33.9,33.5,33.5,4.1,2.4,2.9725,-0.9585490163852135,-0.027673067696802073,-0.08914397888199503,0.1935478875357121,-0.330314,-14.176345
11.185,2.0,1.0,1.0,33.9,33.5,33.5,4.1,2.4,2.975,-0.952297881164702,-0.03583806386267428,-0.12363497164629644,0.19932516338487782,-0.351952,-13.870585
11.185,2.0,1.0,1.0,33.9,33.5,33.5,4.1,2.4,2.9775,-0.9441020530261048,-0.045115324268303295,-0.15912469070182286,0.20617133131371004,-0.377968,-13.512302
11.185,2.0,1.0,1.0,33.9,33.5,33.5,4.1,2.4,2.98,-0.9336148720272137,-0.05586189265501818,-0.19579462202428272,0.21427436417033272,-0.409718,-13.095022
11.185,2.0,1.0,1.0,33.9,33.5,33.5,4.1,2.4,2.9825,-0.9203506450505645,-0.06857188815350664,-0.23387051003264997,0.22386461476452324,-0.449183,-12.61081
11.185,2.0,1.0,1.0,33.9,33.5,33.5,4.1,2.4,2.985,-0.9036125955152392,-0.08394794059656066,-0.273628809979835,0.2352203058766357,-0.49933,-12.049835
11.185,2.0,1.0,1.0,33.9,33.5,33.5,4.1,2.4,2.9875,-0.8823736406358322,-0.10301912551334144,-0.3153957080814395,0.24866512066549537,-0.564769,-11.399779
11.185,2.0,1.0,1.0,33.9,33.5,33.5,4.1,2.4,2.99,-0.8550726726663659,-0.12734206553482097,-0.35952153916123525,0.2645404930916037,-0.652971,-10.645045
11.185,2.0,1.0,1.0,33.9,33.5,33.5,4.1,2.4,2.9925,-0.8192553139383799,-0.15935477092650774,-0.40628242447301227,0.28310418093727396,-0.776666,-9.76575
11.185,2.0,1.0,1.0,33.9,33.5,33.5,4.1,2.4,2.995,-0.7709247425003921,-0.20301425176582544,-0.4555708357754545,0.304217002657973,-0.958962,-8.736647
11.185,2.0,1.0,1.0,33.9,33.5,33.5,4.1,2.4,2.9975,-0.7033706007070321,-0.2649418969544388,-0.5059630760496324,0.32640842869628484,-1.245169,-7.526733
11.185,2.0,1.0,1.0,33.9,33.5,33.5,4.1,2.4,3.0,-0.6052525966587113,-0.3562818354198773,-0.5518957381456985,0.3440679730272973,-1.733295,-6.102679
11.185,2.0,1.0,1.0,33.9,33.5,33.5,4.1,2.4,3.0025,-0.45906172807434786,-0.49412107349642864,-0.5751475846960135,0.33902745636873455,-2.663755,-4.447903
11.185,2.0,1.0,1.0,33.9,33.5,33.5,4.1,2.4,3.005,-0.25125699809808466,-0.6912566901467322,-0.5224623171238253,0.25862384956840867,-4.735354,-2.63825
11.185,2.0,1.0,1.0,33.9,33.5,33.5,4.1,2.4,3.0075,-0.04479567052886154,-0.8846135367674102,-0.2873016508461758,-0.0015430278725136267,-10.728921,-1.064915
11.185,2.0,1.0,1.0,33.9,33.5,33.5,4.1,2.4,3.01,-0.08576315933649907,-0.8318268976723211,0.10854935409345373,-0.4180080730283459,-17.180971,-0.621479
11.185,2.0,1.0,1.0,33.9,33.5,33.5,4.1,2.4,3.0125,-0.4047023238010036,-0.505098103401892,0.31165890808654934,-0.6419373831494379,-5.835005,-1.75739
11.185,2.0,1.0,1.0,33.9,33.5,33.5,4.1,2.4,3.015,-0.6789634592655572,-0.22349536823931676,0.2607580044770054,-0.6146272316895534,-2.765557,-3.688437
11.185,2.0,1.0,1.0,33.9,33.5,33.5,4.1,2.4,3.0175,-0.8238569910659141,-0.06980494526509626,0.13745617102322347,-0.5162424982857302,-1.56372,-5.664237
11.185,2.0,1.0,1.0,33.9,33.5,33.5,4.1,2.4,3.02,-0.890128859597623,0.00674946871837325,0.020870370537857872,-0.4248473174408155,-1.008556,-7.434246
11.185,2.0,1.0,1.0,33.9,33.5,33.5,4.1,2.4,3.0225,-0.9174089729261529,0.04555697164144047,-0.07581640022956931,-0.3532253306529307,-0.71918,-8.967315
11.185,2.0,1.0,1.0,33.9,33.5,33.5,4.1,2.4,3.025,-0.9252588142505558,0.06600532461949388,-0.15513753055220256,-0.2987115256241795,-0.554327,-10.287925
11.185,2.0,1.0,1.0,33.9,33.5,33.5,4.1,2.4,3.0275,-0.9228714971895858,0.07719133309341794,-0.22140121073597788,-0.25696120459696314,-0.454149,-11.427425
11.185,2.0,1.0,1.0,33.9,33.5,33.5,4.1,2.4,3.03,-0.9147095371606747,0.08353408737751303,-0.27808313538851037,-0.22449711251858614,-0.390425,-12.412629
11.185,2.0,1.0,1.0,33.9,33.5,33.5,4.1,2.4,3.0325,-0.9030433624680663,0.08729664343756587,-0.32767092940571585,-0.19884497108395993,-0.348663,-13.26426
11.185,2.0,1.0,1.0,33.9,33.5,33.5,4.1,2.4,3.035,-0.8890777087626522,0.08970436638028031,-0.37190703372210554,-0.17828444703675136,-0.320899,-13.997655
11.185,2.0,1.0,1.0,33.9,33.5,33.5,4.1,2.4,3.0375,-0.8734696175059373,0.09146093140305993,-0.4120217146221122,-0.16161512952373755,-0.302529,-14.623754
11.185,2.0,1.0,1.0,33.9,33.5,33.5,4.1,2.4,3.04,-0.8565771910794379,0.09299955840429622,-0.4489005272817243,-0.14799030116951953,-0.290787,-15.149881
11.185,2.0,1.0,1.0,33.9,33.5,33.5,4.1,2.4,3.0425,-0.8385830507171194,0.09461316258926651,-0.48319714323043245,-0.13680674815534172,-0.28399,-15.580264
11.185,2.0,1.0,1.0,33.9,33.5,33.5,4.1,2.4,3.045,-0.8195556073335187,0.096527449093127,-0.5154089656016188,-0.1276331488022127,-0.281131,-15.916283
11.185,2.0,1.0,1.0,33.9,33.5,33.5,4.1,2.4,3.0475,-0.7994764049942327,0.09894754450184684,-0.5459289548803764,-0.12016402276793553,-0.281673,-16.156464
11.185,2.0,1.0,1.0,33.9,33.5,33.5,4.1,2.4,3.05,-0.7782454970744933,0.10209470798588553,-0.57508282699762,-0.11419087441320941,-0.285449,-16.296186
11.185,2.0,1.0,1.0,33.9,33.5,33.5,4.1,2.4,3.0525,-0.7556676553174656,0.10624470295985651,-0.6031578713581633,-0.10958555446559969,-0.29266,-16.327013
11.185,2.0,1.0,1.0,33.9,33.5,33.5,4.1,2.4,3.055,-0.7314144705968381,0.11178026834260275,-0.6304279193749786,-0.10629316160839974,-0.303947,-16.235496
11.185,2.0,1.0,1.0,33.9,33.5,33.5,4.1,2.4,3.0575,-0.704946118948335,0.11927786357886622,-0.6571779578237874,-0.10433317875858607,-0.320629,-16.00108
11.185,2.0,1.0,1.0,33.9,33.5,33.5,4.1,2.4,3.06,-0.6753527058050811,0.12967066216514486,-0.6837302895692781,-0.10380719297836474,-0.345215,-15.592418
11.185,2.0,1.0,1.0,33.9,33.5,33.5,4.1,2.4,3.0625,-0.641013834451654,0.144589306243586,-0.710466920617199,-0.104904406223326,-0.382648,-14.960596
11.185,2.0,1.0,1.0,33.9,33.5,33.5,4.1,2.4,3.065,-0.5987932661538873,0.1671605485918837,-0.7378039127425814,-0.10785511382072901,-0.443565,-14.02575
11.185,2.0,1.0,1.0,33.9,33.5,33.5,4.1,2.4,3.0675,-0.5418544086895346,0.20416344831922797,-0.7658440730891632,-0.11254411630904182,-0.554565,-12.648093
11.185,2.0,1.0,1.0,33.9,33.5,33.5,4.1,2.4,3.07,-0.45253792367268414,0.2730215414526105,-0.7917753444341467,-0.11580201207293943,-0.800339,-10.557599
11.185,2.0,1.0,1.0,33.9,33.5,33.5,4.1,2.4,3.0725,-0.2741279545995878,0.42913314573789973,-0.7856604615440448,-0.08690493472630073,-1.596376,-7.173604
11.185,2.0,1.0,1.0,33.9,33.5,33.5,4.1,2.4,3.075,0.05621110249179179,0.7257096727718689,-0.3720740532327662,0.3432567628987952,-8.489405,-1.907907
11.185,2.0,1.0,1.0,33.9,33.5,33.5,4.1,2.4,3.0775,-0.762543479530525,-0.09617794690866946,-0.13391938144099977,0.5867529283005904,-2.222782,-4.515747
11.185,2.0,1.0,1.0,33.9,33.5,33.5,4.1,2.4,3.08,-0.804765655445466,-0.15721627201581612,-0.5123756372121538,0.2319674801329896,-0.408744,-11.049873
11.185,2.0,1.0,1.0,33.9,33.5,33.5,4.1,2.4,3.0825,-0.7390704649048211,-0.11195913121515423,-0.641691817271793,0.12100706269117531,-0.186374,-15.657896
11.185,2.0,1.0,1.0,33.9,33.5,33.5,4.1,2.4,3.085,-0.6869745377990363,-0.08032007340254815,-0.7048797611708324,0.07451509734773253,-0.137706,-19.206807
11.185,2.0,1.0,1.0,33.9,33.5,33.5,4.1,2.4,3.0875,-0.6456228714020632,-0.059449506749467154,-0.7446763169605862,0.05033289297087153,-0.126145,-22.169799
11.185,2.0,1.0,1.0,33.9,33.5,33.5,4.1,2.4,3.09,-0.610720657244486,-0.04505590092100251,-0.7736937246529662,0.0360346321116223,-0.125207,-24.777477
11.185,2.0,1.0,1.0,33.9,33.5,33.5,4.1,2.4,3.0925,-0.57980685030887,-0.03467428265524814,-0.7967774927576756,0.02686556476808173,-0.127672,-27.157804
11.185,2.0,1.0,1.0,33.9,33.5,33.5,4.1,2.4,3.095,-0.5514921839239183,-0.026908370504779355,-0.8161526554842189,0.02065663376996908,-0.131169,-29.390164
11.185,2.0,1.0,1.0,33.9,33.5,33.5,4.1,2.4,3.0975,-0.524955819275766,-0.02092889759309871,-0.8329774717497461,0.016289595563805267,-0.134835,-31.528164
11.185,2.0,1.0,1.0,33.9,33.5,33.5,4.1,2.4,3.1,-0.4996888797383022,-0.01621787787926256,-0.8479136602663234,0.013134168407999905,-0.138347,-33.60986
11.185,2.0,1.0,1.0,33.9,33.5,33.5,4.1,2.4,3.1025,-0.47536246849695457,-0.012436988083037101,-0.8613675665090625,0.010810269012876678,-0.141589,-35.661652
11.185,2.0,1.0,1.0,33.9,33.5,33.5,4.1,2.4,3.105,-0.45175657173471606,-0.009356673183307615,-0.8736036723945628,0.009076273041147238,-0.144535,-37.6974
11.185,2.0,1.0,1.0,33.9,33.5,33.5,4.1,2.4,3.1075,-0.42871984961016835,-0.006816060318298583,-0.8848026718052072,0.007771952275101024,-0.147188,-39.71177
11.185,2.0,1.0,1.0,33.9,33.5,33.5,4.1,2.4,3.11,-0.40614585464889164,-0.004699257608984388,-0.8950932406306381,0.0067873303079387754,-0.149571,-41.665286
11.185,2.0,1.0,1.0,33.9,33.5,33.5,4.1,2.4,3.1125,-0.3839583971122857,-0.0029207754304964415,-0.9045703964649383,0.006044734394098649,-0.151705,-43.461149
11.185,2.0,1.0,1.0,33.9,33.5,33.5,4.1,2.4,3.115,-0.3621022204123036,-0.0014162425699635504,-0.9133066054229029,0.0054879732478293804,-0.153616,-44.931759
11.185,2.0,1.0,1.0,33.9,33.5,33.5,4.1,2.4,3.1175,-0.3405368758562478,-0.00013631173644270013,-0.9213587666830604,0.005075557335303809,-0.155324,-45.887194
11.185,2.0,1.0,1.0,33.9,33.5,33.5,4.1,2.4,3.12,-0.3192325896075774,0.0009574496757159616,-0.928772752903457,0.004776310546966547,-0.15685,-46.24705
11.185,2.0,1.0,1.0,33.9,33.5,33.5,4.1,2.4,3.1225,-0.2981674070522272,0.0018953965403491983,-0.9355864476943762,0.004566448397639241,-0.158213,-46.118103
11.185,2.0,1.0,1.0,33.9,33.5,33.5,4.1,2.4,3.125,-0.277325177892882,0.00270180617229775,-0.941831829078688,0.00442758416367673,-0.159426,-45.701951
11.185,2.0,1.0,1.0,33.9,33.5,33.5,4.1,2.4,3.1275,-0.256694107655515,0.003396315250625172,-0.9475364302401489,0.00434533848412903,-0.160504,-45.168847
11.185,2.0,1.0,1.0,33.9,33.5,33.5,4.1,2.4,3.13,-0.2362656989081827,0.003994969644080762,-0.9527243836400897,0.004308351025680794,-0.161459,-44.619082
11.185,2.0,1.0,1.0,33.9,33.5,33.5,4.1,2.4,3.1325,-0.21603396576485906,0.004511003166422153,-0.9574171801787363,0.004307565851540655,-0.162302,-44.100027
11.185,2.0,1.0,1.0,33.9,33.5,33.5,4.1,2.4,3.135,-0.1959948433691644,0.004955423262405911,-0.9616342295828996,0.004335706732310814,-0.163041,-43.629651
11.185,2.0,1.0,1.0,33.9,33.5,33.5,4.1,2.4,3.1375,-0.1761457386993268,0.005337457042550438,-0.9653932796595893,0.004386886569768121,-0.163685,-43.211793
11.185,2.0,1.0,1.0,33.9,33.5,33.5,4.1,2.4,3.14,-0.156485185290807,0.005664894873309679,-0.9687107337288436,0.004456313004859151,-0.164242,-42.844165
11.185,2.0,1.0,1.0,33.9,33.5,33.5,4.1,2.4,3.1425,-0.13701257539120995,0.00594435784181311,-0.9716018935318134,0.004540063992425014,-0.164717,-42.522188
11.185,2.0,1.0,1.0,33.9,33.5,33.5,4.1,2.4,3.145,-0.11772795052033874,0.006181507979053077,-0.9740811468773992,0.004634914932730942,-0.165118,-42.240731
11.185,2.0,1.0,1.0,33.9,33.5,33.5,4.1,2.4,3.1475,-0.09863183658134435,0.006381214969117729,-0.9761621138263592,0.004738204245063693,-0.165448,-41.994858
11.185,2.0,1.0,1.0,33.9,33.5,33.5,4.1,2.4,3.15,-0.07972511330977185,0.006547689444961207,-0.9778577614338022,0.004847727916871878,-0.165713,-41.780105
11.185,2.0,1.0,1.0,33.9,33.5,33.5,4.1,2.4,3.1525,-0.06100891044308417,0.006684590386141185,-0.9791804944198422,0.004961656111950154,-0.165918,-41.592556
11.185,2.0,1.0,1.0,33.9,33.5,33.5,4.1,2.4,3.155,-0.04248452486737774,0.0067951122688867625,-0.9801422272519101,0.005078466727501798,-0.166066,-41.428824
11.185,2.0,1.0,1.0,33.9,33.5,33.5,4.1,2.4,3.1575,-0.024153354366928385,0.006882056257892996,-0.9807544417626106,0.005196892085286763,-0.166161,-41.286
11.185,2.0,1.0,1.0,33.9,33.5,33.5,4.1,2.4,3.16,-0.006016844612402086,0.006947888725604118,-0.981028233435519,0.00531587588164611,-0.166207,-41.161587
11.185,2.0,1.0,1.0,33.9,33.5,33.5,4.1,2.4,3.1625,0.011923553222575082,0.006994789637218044,-0.9809743487598837,0.005434538209992045,-0.166205,-41.053446
11.185,2.0,1.0,1.0,33.9,33.5,33.5,4.1,2.4,3.165,0.02966641625949919,0.007024692777712713,-0.9806032155101296,0.005552146979294357,-0.166161,-40.959738
11.185,2.0,1.0,1.0,33.9,33.5,33.5,4.1,2.4,3.1675,0.04721037673958983,0.00703931937110161,-0.9799249673957895,0.005668094433110463,-0.166075,-40.878879
11.185,2.0,1.0,1.0,33.9,33.5,33.5,4.1,2.4,3.17,0.0645541431561299,0.007040206316360535,-0.9789494642158586,0.005781877760858403,-0.165951,-40.809501
11.185,2.0,1.0,1.0,33.9,33.5,33.5,4.1,2.4,3.1725,0.08169651672074298,0.007028730013515243,-0.9776863084128221,0.005893083011194626,-0.16579,-40.750415
11.185,2.0,1.0,1.0,33.9,33.5,33.5,4.1,2.4,3.175,0.09863640399065692,0.0070061265586246965,-0.9761448587372243,0.006001371684346771,-0.165596,-40.700588
11.185,2.0,1.0,1.0,33.9,33.5,33.5,4.1,2.4,3.1775,0.11537282632828873,0.006973508934239465,-0.9743342415901088,0.006106469509010449,-0.16537,-40.659118
11.185,2.0,1.0,1.0,33.9,33.5,33.5,4.1,2.4,3.18,0.13190492674097262,0.006931881702262652,-0.9722633604982459,0.006208157009328944,-0.165113,-40.625212
11.185,2.0,1.0,1.0,33.9,33.5,33.5,4.1,2.4,3.1825,0.14823197455068782,0.006882153611457663,-0.9699409040882865,0.006306261545521502,-0.164828,-40.598175
11.185,2.0,1.0,1.0,33.9,33.5,33.5,4.1,2.4,3.185,0.1643533682651492,0.006825148456509801,-0.9673753528555653,0.00640065057303727,-0.164517,-40.57739
11.185,2.0,1.0,1.0,33.9,33.5,33.5,4.1,2.4,3.1875,0.180268636958077,0.00676161446525993,-0.964574984967067,0.00649122591354884,-0.164181,-40.562313
11.185,2.0,1.0,1.0,33.9,33.5,33.5,4.1,2.4,3.19,0.19597744041541643,0.006692232442232379,-0.9615478812928754,0.0065779188695850406,-0.163821,-40.55246
11.185,2.0,1.0,1.0,33.9,33.5,33.5,4.1,2.4,3.1925,0.21147956826206352,0.006617622857377536,-0.958301929824104,0.006660686045308979,-0.163439,-40.547399
11.185,2.0,1.0,1.0,33.9,33.5,33.5,4.1,2.4,3.195,0.22677493824953213,0.006538352037108054,-0.9548448296057592,0.006739505760591828,-0.163036,-40.546743
11.185,2.0,1.0,1.0,33.9,33.5,33.5,4.1,2.4,3.1975,0.24186359385653,0.006454937588735526,-0.9511840942890235,0.006814374965382443,-0.162614,-40.550146
11.185,2.0,1.0,1.0,33.9,33.5,33.5,4.1,2.4,3.2,0.25674570133085606,0.006367853168130908,-0.9473270553879175,0.006885306577436953,-0.162173,-40.557296
11.185,2.0,1.0,1.0,33.9,33.5,33.5,4.1,2.4,3.2025,0.2714215462815663,0.006277532682920774,-0.9432808653091945,0.006952327179530491,-0.161715,-40.567911
11.185,2.0,1.0,1.0,33.9,33.5,33.5,4.1,2.4,3.205,0.28589152991380534,0.006184374009074672,-0.9390525002112527,0.007015475022920383,-0.161241,-40.581738
11.185,2.0,1.0,1.0,33.9,33.5,33.5,4.1,2.4,3.2075,0.3001561649849445,0.006088742286755861,-0.9346487627369793,0.007074798292551834,-0.160753,-40.598544
11.185,2.0,1.0,1.0,33.9,33.5,33.5,4.1,2.4,3.21,0.3142160715490631,0.0059909728513335295,-0.9300762846565331,0.0071303535966656985,-0.16025,-40.618121
11.185,2.0,1.0,1.0,33.9,33.5,33.5,4.1,2.4,3.2125,0.3280719725467738,0.005891373847132808,-0.9253415294487534,0.007182204649377158,-0.159734,-40.640277
11.185,2.0,1.0,1.0,33.9,33.5,33.5,4.1,2.4,3.215,0.3417246892891132,0.005790228564536718,-0.9204507948437435,0.0072304211196854125,-0.159205,-40.664837
11.185,2.0,1.0,1.0,33.9,33.5,33.5,4.1,2.4,3.2175,0.3551751368768586,0.005687797535197505,-0.9154102153442595,0.007275077624435014,-0.158665,-40.69164
11.185,2.0,1.0,1.0,33.9,33.5,33.5,4.1,2.4,3.22,0.3684243195906536,0.005584320415180642,-0.9102257647392986,0.00731625284613068,-0.158115,-40.720541
11.185,2.0,1.0,1.0,33.9,33.5,33.5,4.1,2.4,3.2225,0.38147332628177966,0.005480017681710746,-0.9049032586199727,0.007354028759329052,-0.157555,-40.751403
11.185,2.0,1.0,1.0,33.9,33.5,33.5,4.1,2.4,3.225,0.3943233257890106,0.005375092165648988,-0.8994483569048912,0.007388489951699435,-0.156986,-40.784103
11.185,2.0,1.0,1.0,33.9,33.5,33.5,4.1,2.4,3.2275,0.4069755624029943,0.005269730438840879,-0.8938665663799863,0.007419723027831137,-0.156408,-40.818525
11.185,2.0,1.0,1.0,33.9,33.5,33.5,4.1,2.4,3.23,0.419431351396066,0.0051641040729227435,-0.8881632432559003,0.007447816085538432,-0.155822,-40.854562
11.185,2.0,1.0,1.0,33.9,33.5,33.5,4.1,2.4,3.2325,0.4316920746326133,0.005058370783990923,-0.8823435957444465,0.007472858255831136,-0.15523,-40.892117
11.185,2.0,1.0,1.0,33.9,33.5,33.5,4.1,2.4,3.235,0.4437591762723269,0.004952675475684377,-0.8764126866545167,0.007494939298914301,-0.154631,-40.931097
11.185,2.0,1.0,1.0,33.9,33.5,33.5,4.1,2.4,3.2375,0.45563415857657547,0.004847151191623846,-0.8703754360067807,0.007514149249599661,-0.154025,-40.971418
11.185,2.0,1.0,1.0,33.9,33.5,33.5,4.1,2.4,3.24,0.46731857782614944,0.004741919986785565,-0.8642366236657564,0.007530578106377422,-0.153415,-41.013
11.185,2.0,1.0,1.0,33.9,33.5,33.5,4.1,2.4,3.2425,0.4788140403568267,0.004637093726202098,-0.8580008919872765,0.00754431555913614,-0.152799,-41.055768
11.185,2.0,1.0,1.0,33.9,33.5,33.5,4.1,2.4,3.245,0.49012219871789936,0.0045327748183606915,-0.8516727484788547,0.007555450751154362,-0.152179,-41.099655
11.185,2.0,1.0,1.0,33.9,33.5,33.5,4.1,2.4,3.2475,0.501244747957301,0.004429056889794095,-0.8452565684702105,0.007564072071526894,-0.151555,-41.144594
11.185,2.0,1.0,1.0,33.9,33.5,33.5,4.1,2.4,3.25,0.5121834220361,0.00432602540658395,-0.838756597790888,0.00757026697466162,-0.150928,-41.190525
11.185,2.0,1.0,1.0,33.9,33.5,33.5,4.1,2.4,3.2525,0.522939990373872,0.004223758247847458,-0.8321769554518471,0.0075741218238802276,-0.150297,-41.237391
11.185,2.0,1.0,1.0,33.9,33.5,33.5,4.1,2.4,3.255,0.533516254525872,0.004122326235685258,-0.8255216363277622,0.0075757217565110505,-0.149664,-41.285139
11.185,2.0,1.0,1.0,33.9,33.5,33.5,4.1,2.4,3.2575,0.5439140449920377,0.0040217936255814105,-0.8187945138367616,0.007575150568159309,-0.149029,-41.333717
11.185,2.0,1.0,1.0,33.9,33.5,33.5,4.1,2.4,3.26,0.5541352181572714,0.0039222185607934185,-0.8119993426143942,0.007572490614107511,-0.148391,-41.383078
11.185,2.0,1.0,1.0,33.9,33.5,33.5,4.1,2.4,3.2625,0.5641816533619376,0.003823653493895919,-0.8051397611786141,0.007567822726024387,-0.147752,-41.433178
11.185,2.0,1.0,1.0,33.9,33.5,33.5,4.1,2.4,3.265,0.5740552501009949,0.0037261455783038503,-0.7982192945827243,0.007561226142362645,-0.147112,-41.483974
11.185,2.0,1.0,1.0,33.9,33.5,33.5,4.1,2.4,3.2675,0.5837579253498127,0.003629737032300545,-0.7912413570533046,0.007552778451001295,-0.146471,-41.535426
11.185,2.0,1.0,1.0,33.9,33.5,33.5,4.1,2.4,3.27,0.5932916110144542,0.0035344654778433314,-0.7842092546102567,0.00754255554284043,-0.145829,-41.587495
11.185,2.0,1.0,1.0,33.9,33.5,33.5,4.1,2.4,3.2725,0.6026582515037677,0.003440364256186473,-0.7771261876663265,0.007530631575193957,-0.145187,-41.640146
11.185,2.0,1.0,1.0,33.9,33.5,33.5,4.1,2.4,3.275,0.6118598014205965,0.0033474627221606263,-0.7699952536035157,0.007517078943943848,-0.144545,-41.693345
11.185,2.0,1.0,1.0,33.9,33.5,33.5,4.1,2.4,3.2775,0.6208982233690843,0.0032557865187703566,-0.7628194493240419,0.007501968263525004,-0.143903,-41.747059
11.185,2.0,1.0,1.0,33.9,33.5,33.5,4.1,2.4,3.28,0.6297754858749521,0.003165357833613057,-0.7556016737736361,0.00748536835390489,-0.143261,-41.801257
11.185,2.0,1.0,1.0,33.9,33.5,33.5,4.1,2.4,3.2825,0.6384935614155457,0.0030761956384798474,-0.7483447304351029,0.00746734623380332,-0.14262,-41.85591
11.185,2.0,1.0,1.0,33.9,33.5,33.5,4.1,2.4,3.285,0.64705442455628,0.0029883159133793024,-0.7410513297903314,0.007447967119473658,-0.14198,-41.91099
11.185,2.0,1.0,1.0,33.9,33.5,33.5,4.1,2.4,3.2875,0.6554600501901381,0.002901731856110088,-0.7337240917489727,0.007427294428431737,-0.141341,-41.96647
11.185,2.0,1.0,1.0,33.9,33.5,33.5,4.1,2.4,3.29,0.6637124118767597,0.002816454078409897,-0.7263655480423084,0.007405389787578416,-0.140703,-42.022326
11.185,2.0,1.0,1.0,33.9,33.5,33.5,4.1,2.4,3.2925,0.6718134802777049,0.0027324907896211616,-0.718978144580862,0.007382313045214359,-0.140067,-42.078532
11.185,2.0,1.0,1.0,33.9,33.5,33.5,4.1,2.4,3.295,0.6797652216844327,0.002649847968734012,-0.7115642437745532,0.0073581222864934175,-0.139432,-42.135065
11.185,2.0,1.0,1.0,33.9,33.5,33.5,4.1,2.4,3.2975,0.6875695966355432,0.002568529525595707,-0.7041261268142972,0.00733287385190383,-0.138799,-42.191905
11.185,2.0,1.0,1.0,33.9,33.5,33.5,4.1,2.4,3.3,0.6952285586199334,0.002488537452009226,-0.696665995914072,0.0073066223584054065,-0.138169,-42.249028
11.185,2.0,1.0,1.0,33.9,33.5,33.5,4.1,2.4,3.3025,0.7027440528624114,0.002409871963393343,-0.6891859765126996,0.007279420722884166,-0.13754,-42.306415
11.185,2.0,1.0,1.0,33.9,33.5,33.5,4.1,2.4,3.305,0.7101180151885326,0.0023325316316148213,-0.6816881194345825,0.0072513201876200665,-0.136913,-42.364047
11.185,2.0,1.0,1.0,33.9,33.5,33.5,4.1,2.4,3.3075,0.717352370965333,0.0022565135095638927,-0.6741744030088931,0.007222370347489167,-0.136289,-42.421905
11.185,2.0,1.0,1.0,33.9,33.5,33.5,4.1,2.4,3.31,0.7244490341147692,0.002181813247998997,-0.6666467351467393,0.007192619178649112,-0.135668,-42.479971
11.185,2.0,1.0,1.0,33.9,33.5,33.5,4.1,2.4,3.3125,0.731409906196755,0.00210842520514498,-0.659106955375953,0.00716211306848094,-0.135049,-42.538227
11.185,2.0,1.0,1.0,33.9,33.5,33.5,4.1,2.4,3.315,0.738236875558687,0.0020363425495006442,-0.6515568368332979,0.007130896846578747,-0.134432,-42.596659
11.185,2.0,1.0,1.0,33.9,33.5,33.5,4.1,2.4,3.3175,0.744931816548516,0.0019655573562724874,-0.6439980882139167,0.007099013816601909,-0.133819,-42.655249
11.185,2.0,1.0,1.0,33.9,33.5,33.5,4.1,2.4,3.32,0.7514965887884294,0.001896060697826076,-0.6364323556779815,0.007066505788819427,-0.133208,-42.713983
11.185,2.0,1.0,1.0,33.9,33.5,33.5,4.1,2.4,3.3225,0.7579330365063303,0.0018278427285181532,-0.6288612247145764,0.007033413113193367,-0.132601,-42.772846
11.185,2.0,1.0,1.0,33.9,33.5,33.5,4.1,2.4,3.325,0.7642429879223865,0.0017608927642506298,-0.6212862219628891,0.00699977471286335,-0.131997,-42.831824
11.185,2.0,1.0,1.0,33.9,33.5,33.5,4.1,2.4,3.3275,0.7704282546879636,0.0016951993570597586,-0.6137088169909317,0.006965628117906236,-0.131395,-42.890903
11.185,2.0,1.0,1.0,33.9,33.5,33.5,4.1,2.4,3.33,0.7764906313744229,0.0016307503650391346,-0.6061304240319624,0.006931009499259593,-0.130797,-42.950071
11.185,2.0,1.0,1.0,33.9,33.5,33.5,4.1,2.4,3.3325,0.7824318950092468,0.0015675330178712282,-0.5985524036789803,0.006895953702706408,-0.130203,-43.009315
11.185,2.0,1.0,1.0,33.9,33.5,33.5,4.1,2.4,3.335,0.7882538046571428,0.0015055339782289578,-0.5909760645375777,0.006860494282830755,-0.129612,-43.068623
11.185,2.0,1.0,1.0,33.9,33.5,33.5,4.1,2.4,3.3375,0.7939581010437948,0.0014447393992863236,-0.5834026648375954,0.006824663536862382,-0.129024,-43.127984
11.185,2.0,1.0,1.0,33.9,33.5,33.5,4.1,2.4,3.34,0.7995465062200241,0.0013851349785696646,-0.5758334140040158,0.006788492538337644,-0.12844,-43.187386
11.185,2.0,1.0,1.0,33.9,33.5,33.5,4.1,2.4,3.3425,0.8050207232642624,0.00132670600836099,-0.5682694741875516,0.006752011170511268,-0.127859,-43.246818
11.185,2.0,1.0,1.0,33.9,33.5,33.5,4.1,2.4,3.345,0.8103824360212167,0.0012694374228554056,-0.5607119617555104,0.006715248159461481,-0.127282,-43.306271
11.185,2.0,1.0,1.0,33.9,33.5,33.5,4.1,2.4,3.3475,0.8156333088748111,0.0012133138422582485,-0.5531619487434207,0.006678231106837006,-0.126708,-43.365733
11.185,2.0,1.0,1.0,33.9,33.5,33.5,4.1,2.4,3.35,0.8207749865534603,0.0011583196140049928,-0.5456204642680591,0.00664098652220105,-0.126139,-43.425196
11.185,2.0,1.0,1.0,33.9,33.5,33.5,4.1,2.4,3.3525,0.8258090939658713,0.0011044388512643332,-0.5380884959024637,0.006603539854932822,-0.125572,-43.484649
11.185,2.0,1.0,1.0,33.9,33.5,33.5,4.1,2.4,3.355,0.8307372360656425,0.0010516554688871035,-0.5305669910135479,0.006565915525651286,-0.12501,-43.544085
11.185,2.0,1.0,1.0,33.9,33.5,33.5,4.1,2.4,3.3575,0.8355609977429582,0.0009999532169451012,-0.5230568580630001,0.006528136957132478,-0.124452,-43.603494
11.185,2.0,1.0,1.0,33.9,33.5,33.5,4.1,2.4,3.36,0.8402819437418215,0.0009493157120007886,-0.515558967872089,0.0064902266046936805,-0.123897,-43.662868
11.185,2.0,1.0,1.0,33.9,33.5,33.5,4.1,2.4,3.3625,0.844901618601246,0.0008997264662409833,-0.5080741548511095,0.006452205986023329,-0.123346,-43.722198
11.185,2.0,1.0,1.0,33.9,33.5,33.5,4.1,2.4,3.365,0.8494215466190044,0.0008511689145949665,-0.5006032181940856,0.006414095710438273,-0.122799,-43.781477
11.185,2.0,1.0,1.0,33.9,33.5,33.5,4.1,2.4,3.3675,0.8538432318364837,0.0008036264399563053,-0.4931469230394963,0.006375915507553119,-0.122256,-43.840698
11.185,2.0,1.0,1.0,33.9,33.5,33.5,4.1,2.4,3.37,0.8581681580433548,0.000757082396619202,-0.4857060015976938,0.006337684255350139,-0.121716,-43.899852
11.185,2.0,1.0,1.0,33.9,33.5,33.5,4.1,2.4,3.3725,0.8623977888007793,0.0007115201320303316,-0.4782811542457019,0.006299420007639593,-0.121181,-43.958933
11.185,2.0,1.0,1.0,33.9,33.5,33.5,4.1,2.4,3.375,0.866533567481921,0.000666923006959299,-0.470873050590168,0.00626114002090423,-0.120649,-44.017934
11.185,2.0,1.0,1.0,33.9,33.5,33.5,4.1,2.4,3.3775,0.8705769173286465,0.0006232744141750624,-0.4634823304991081,0.0062228607805225695,-0.120121,-44.076848
11.185,2.0,1.0,1.0,33.9,33.5,33.5,4.1,2.4,3.38,0.8745292415232936,0.0005805577957201051,-0.4561096051032056,0.006184598026368395,-0.119598,-44.135669
11.185,2.0,1.0,1.0,33.9,33.5,33.5,4.1,2.4,3.3825,0.8783919232744603,0.0005387566588632678,-0.44875545776736336,0.0061463667777855325,-0.119078,-44.19439
11.185,2.0,1.0,1.0,33.9,33.5,33.5,4.1,2.4,3.385,0.8821663259158521,0.0004978545908094567,-0.4414204450331845,0.006108181357938171,-0.118562,-44.253006
11.185,2.0,1.0,1.0,33.9,33.5,33.5,4.1,2.4,3.3875,0.8858537930172055,0.00045783527224070494,-0.4341050975331364,0.0060700554175392475,-0.11805,-44.31151
11.185,2.0,1.0,1.0,33.9,33.5,33.5,4.1,2.4,3.39,0.8894556485064268,0.00041868248975695393,-0.42680992087704217,0.006032001957959929,-0.117541,-44.369897
11.185,2.0,1.0,1.0,33.9,33.5,33.5,4.1,2.4,3.3925,0.8929731968020751,0.0003803801472843386,-0.41953539651162153,0.005994033353724519,-0.117037,-44.428162
11.185,2.0,1.0,1.0,33.9,33.5,33.5,4.1,2.4,3.395,0.896407722955386,0.00034291227651182007,-0.4122819825537659,0.005956161374397086,-0.116537,-44.486299
11.185,2.0,1.0,1.0,33.9,33.5,33.5,4.1,2.4,3.3975,0.8997604928010932,0.0003062630464151266,-0.40505011459818185,0.005918397205865387,-0.11604,-44.544304
11.185,2.0,1.0,1.0,33.9,33.5,33.5,4.1,2.4,3.4,0.903032753116283,0.00027041677192406454,-0.39784020650013463,0.005880751471030263,-0.115548,-44.60217
11.185,2.0,1.0,1.0,33.9,33.5,33.5,4.1,2.4,3.4025,0.9062257317866452,0.00023535792178495604,-0.39065265113387737,0.005843234249907618,-0.115059,-44.659894
11.185,2.0,1.0,1.0,33.9,33.5,33.5,4.1,2.4,3.405,0.9093406379794255,0.00020107112566902506,-0.3834878211274814,0.005805855099152747,-0.114574,-44.71747
11.185,2.0,1.0,1.0,33.9,33.5,33.5,4.1,2.4,3.4075,0.9123786623225055,0.00016754118057145932,-0.37634606957463795,0.005768623071014909,-0.114093,-44.774895
11.185,2.0,1.0,1.0,33.9,33.5,33.5,4.1,2.4,3.41,0.9153409770890008,0.00013475305654790315,-0.36922773072411713,0.005731546731732965,-0.113616,-44.832163
11.185,2.0,1.0,1.0,33.9,33.5,33.5,4.1,2.4,3.4125,0.9182287363868414,0.00010269190182817211,-0.36213312064746506,0.005694634179381597,-0.113142,-44.889271
11.185,2.0,1.0,1.0,33.9,33.5,33.5,4.1,2.4,3.415,0.9210430763528291,7.13430473475238e-05,-0.35506253788553926,0.0056578930611784015,-0.112673,-44.946215
11.185,2.0,1.0,1.0,33.9,33.5,33.5,4.1,2.4,3.4175,0.9237851153506548,4.069201073248252e-05,-0.34801626407451264,0.0056213305902628645,-0.112207,-45.00299
11.185,2.0,1.0,1.0,33.9,33.5,33.5,4.1,2.4,3.42,0.9264559541724497,1.0724499776806356e-05,-0.3409945645518711,0.0055849535619579204,-0.111745,-45.059593
11.185,2.0,1.0,1.0,33.9,33.5,33.5,4.1,2.4,3.4225,0.9290566762434115,-1.8573584559693846e-05,-0.333997688943027,0.0055487683695252055,-0.111287,-45.116019
11.185,2.0,1.0,1.0,33.9,33.5,33.5,4.1,2.4,3.425,0.9315883478291098,-4.721614559786809e-05,-0.32702587172907976,0.005512781019425339,-0.110832,-45.172267
11.185,2.0,1.0,1.0,33.9,33.5,33.5,4.1,2.4,3.4275,0.9340520182450878,-7.521688880231439e-05,-0.32007933279625755,0.005476997146094274,-0.110382,-45.228331
11.185,2.0,1.0,1.0,33.9,33.5,33.5,4.1,2.4,3.43,0.936448720068393,-0.00010258932003184788,-0.3131582779676085,0.00544142202624731,-0.109935,-45.284208
11.185,2.0,1.0,1.0,33.9,33.5,33.5,4.1,2.4,3.4325,0.938779469350708,-0.00012934674415240877,-0.3062628995174223,0.005406060592721911,-0.109491,-45.339896
11.185,2.0,1.0,1.0,33.9,33.5,33.5,4.1,2.4,3.435,0.9410452658327516,-0.00015550226398618772,-0.29939337666892873,0.00537091744787123,-0.109052,-45.395391
11.185,2.0,1.0,1.0,33.9,33.5,33.5,4.1,2.4,3.4375,0.943247093159667,-0.0001810687795752,-0.292549876075736,0.00533599687651867,-0.108615,-45.450691
11.185,2.0,1.0,1.0,33.9,33.5,33.5,4.1,2.4,3.44,0.9453859190971035,-0.0002060589877354203,-0.28573255228751865,0.005301302858486155,-0.108183,-45.505791
11.185,2.0,1.0,1.0,33.9,33.5,33.5,4.1,2.4,3.4425,0.9474626957477409,-0.00023048538188148002,-0.27894154820042566,0.005266839080705777,-0.107754,-45.56069
11.185,2.0,1.0,1.0,33.9,33.5,33.5,4.1,2.4,3.445,0.9494783597680118,-0.0002543602521030315,-0.27217699549264573,0.005232608948927132,-0.107329,-45.615384
11.185,2.0,1.0,1.0,33.9,33.5,33.5,4.1,2.4,3.4475,0.9514338325847831,-0.00027769568547283464,-0.2654390150456232,0.005198615599030889,-0.106907,-45.669871
11.185,2.0,1.0,1.0,33.9,33.5,33.5,4.1,2.4,3.45,0.9533300206118049,-0.00030050356656994784,-0.25872771735131195,0.00516486190795918,-0.106489,-45.724149
11.185,2.0,1.0,1.0,33.9,33.5,33.5,4.1,2.4,3.4525,0.9551678154657063,-0.0003227955782023647,-0.25204320290593674,0.005131350504273863,-0.106074,-45.778214
11.185,2.0,1.0,1.0,33.9,33.5,33.5,4.1,2.4,3.455,0.956948094181366,-0.00034458320231144497,-0.24538556259066316,0.005098083778353505,-0.105663,-45.832065
11.185,2.0,1.0,1.0,33.9,33.5,33.5,4.1,2.4,3.4575,0.958671719426491,-0.0003658777210464825,-0.23875487803955808,0.00506506389223834,-0.105256,-45.885699
11.185,2.0,1.0,1.0,33.9,33.5,33.5,4.1,2.4,3.46,0.9603395397152287,-0.0003866902179929914,-0.23215122199528404,0.005032292789134965,-0.104851,-45.939114
11.185,2.0,1.0,1.0,33.9,33.5,33.5,4.1,2.4,3.4625,0.9619523896206846,-0.00040703157954435725,-0.22557465865285023,0.004999772202589363,-0.10445,-45.992307
11.185,2.0,1.0,1.0,33.9,33.5,33.5,4.1,2.4,3.465,0.9635110899861924,-0.0004269124964022253,-0.219025243991846,0.004967503665339351,-0.104053,-46.045278
11.185,2.0,1.0,1.0,33.9,33.5,33.5,4.1,2.4,3.4675,0.965016448135222,-0.00044634346519720013,-0.2125030260974911,0.004935488517854914,-0.103659,-46.098022
11.185,2.0,1.0,1.0,33.9,33.5,33.5,4.1,2.4,3.47,0.9664692580798075,-0.00046533479021594295,-0.20600804547084722,0.004903727916577003,-0.103268,-46.15054
11.185,2.0,1.0,1.0,33.9,33.5,33.5,4.1,2.4,3.4725,0.9678703007273858,-0.00048389658522758367,-0.19954033532856558,0.004872222841863122,-0.102881,-46.202828
11.185,2.0,1.0,1.0,33.9,33.5,33.5,4.1,2.4,3.475,0.9692203440859508,-0.000502038775398101,-0.19309992189245936,0.004840974105649403,-0.102496,-46.254886
11.185,2.0,1.0,1.0,33.9,33.5,33.5,4.1,2.4,3.4775,0.9705201434674366,-0.0005197710992848344,-0.18668682466927075,0.004809982358837664,-0.102115,-46.306711
11.185,2.0,1.0,1.0,33.9,33.5,33.5,4.1,2.4,3.48,0.9717704416892422,-0.0005371031109025776,-0.1803010567208998,0.0047792480984160755,-0.101738,-46.358301
11.185,2.0,1.0,1.0,33.9,33.5,33.5,4.1,2.4,3.4825,0.9729719692738312,-0.0005540441818531486,-0.17394262492543236,0.004748771674322346,-0.101363,-46.409656
11.185,2.0,1.0,1.0,33.9,33.5,33.5,4.1,2.4,3.485,0.9741254446463351,-0.0005706035035121834,-0.1676115302292542,0.004718553296056871,-0.100992,-46.460774
11.185,2.0,1.0,1.0,33.9,33.5,33.5,4.1,2.4,3.4875,0.9752315743301012,-0.0005867900892648833,-0.16130776789052073,0.004688593039054578,-0.100624,-46.511652
11.185,2.0,1.0,1.0,33.9,33.5,33.5,4.1,2.4,3.49,0.9762910531401339,-0.0006026127767859755,-0.15503132771429098,0.004658890850822858,-0.100259,-46.56229
11.185,2.0,1.0,1.0,33.9,33.5,33.5,4.1,2.4,3.4925,0.9773045643743754,-0.0006180802303570015,-0.14878219427956335,0.004629446556853435,-0.099897,-46.612687
11.185,2.0,1.0,1.0,33.9,33.5,33.5,4.1,2.4,3.495,0.9782727800027929,-0.000633200943215087,-0.1425603471584987,0.004600259866315354,-0.099538,-46.662841
11.185,2.0,1.0,1.0,33.9,33.5,33.5,4.1,2.4,3.4975,0.9791963608542221,-0.0006479832399289836,-0.13636576112807983,0.0045713303775365985,-0.099183,-46.712751
11.185,2.0,1.0,1.0,33.9,33.5,33.5,4.1,2.4,3.5,0.980075956800949,-0.000662435278797115,-0.130198406374431,0.00454265758328101,-0.09883,-46.762415
