1,w,sub_t,h,l1,l2,l3,g1,g2,Freq,S11_re,S21_re,S11_img,S21_img,S11_dB,S21_dB
11.185,2.0,1.0,1.0,33.5,34.5,34.5,1.5,2.0,2.5,0.838353386916989,-0.0184022176773204,0.528745569270997,0.0188319760526246,-0.07708,-31.590882
11.185,2.0,1.0,1.0,33.5,34.5,34.5,1.5,2.0,2.5025,0.8344577045651077,-0.018849538331691097,0.5346532074813061,0.018992435844611685,-0.078117,-31.450762
11.185,2.0,1.0,1.0,33.5,34.5,34.5,1.5,2.0,2.505,0.8304969276208047,-0.01930786491515516,0.540562915986264,0.019152990559714263,-0.07918,-31.309851
11.185,2.0,1.0,1.0,33.5,34.5,34.5,1.5,2.0,2.5075,0.8264701433332478,-0.01977752699529761,0.5464744154548244,0.01931356921577015,-0.080269,-31.168131
11.185,2.0,1.0,1.0,33.5,34.5,34.5,1.5,2.0,2.51,0.8223764162697262,-0.02025886647312088,0.5523874145702321,0.019474095830336016,-0.081385,-31.025587
11.185,2.0,1.0,1.0,33.5,34.5,34.5,1.5,2.0,2.5125,0.8182147875543454,-0.020752238137116588,0.55830160945426,0.019634489090206785,-0.08253,-30.882201
11.185,2.0,1.0,1.0,33.5,34.5,34.5,1.5,2.0,2.515,0.813984274073106,-0.021258010246335397,0.5642166830593479,0.019794661997581304,-0.083705,-30.737957
11.185,2.0,1.0,1.0,33.5,34.5,34.5,1.5,2.0,2.5175,0.8096838676435407,-0.021776565144180294,0.5701323045264759,0.019954521491057624,-0.084909,-30.592835
11.185,2.0,1.0,1.0,33.5,34.5,34.5,1.5,2.0,2.52,0.8053125341469395,-0.022308299904760593,0.5760481285064563,0.020113968039485664,-0.086145,-30.446818
11.185,2.0,1.0,1.0,33.5,34.5,34.5,1.5,2.0,2.5225,0.8008692126210928,-0.022853627013767,0.5819637944421071,0.02027289520653521,-0.087414,-30.299887
11.185,2.0,1.0,1.0,33.5,34.5,34.5,1.5,2.0,2.525,0.7963528143113306,-0.023412975085959156,0.5878789258086189,0.020431189183648734,-0.088717,-30.152023
11.185,2.0,1.0,1.0,33.5,34.5,34.5,1.5,2.0,2.5275,0.7917622216774874,-0.023986789621495534,0.5937931293091492,0.020588728288844813,-0.090054,-30.003207
11.185,2.0,1.0,1.0,33.5,34.5,34.5,1.5,2.0,2.53,0.7870962873543019,-0.024575533803485986,0.5997059940224785,0.020745382428612277,-0.091429,-29.853418
11.185,2.0,1.0,1.0,33.5,34.5,34.5,1.5,2.0,2.5325,0.7823538330625501,-0.025179689339308028,0.6056170904992662,0.020901012519888077,-0.09284,-29.702636
11.185,2.0,1.0,1.0,33.5,34.5,34.5,1.5,2.0,2.535,0.7775336484680658,-0.02579975734840111,0.6115259698031809,0.021055469868841523,-0.094291,-29.55084
11.185,2.0,1.0,1.0,33.5,34.5,34.5,1.5,2.0,2.5375,0.7726344899856056,-0.026436259299434762,0.6174321624928301,0.021208595502889678,-0.095783,-29.398008
11.185,2.0,1.0,1.0,33.5,34.5,34.5,1.5,2.0,2.54,0.7676550795243093,-0.027089737999946992,0.6233351775400942,0.021360219452038445,-0.097317,-29.244118
11.185,2.0,1.0,1.0,33.5,34.5,34.5,1.5,2.0,2.5425,0.7625941031712862,-0.027760758641762032,0.6292345011800666,0.02151015997528559,-0.098895,-29.089148
11.185,2.0,1.0,1.0,33.5,34.5,34.5,1.5,2.0,2.545,0.7574502098096324,-0.028449909905719998,0.6351295956873804,0.02165822272742181,-0.100519,-28.933074
11.185,2.0,1.0,1.0,33.5,34.5,34.5,1.5,2.0,2.5475,0.7522220096669437,-0.0291578051294984,0.6410198980732474,0.02180419986112828,-0.10219,-28.775873
11.185,2.0,1.0,1.0,33.5,34.5,34.5,1.5,2.0,2.55,0.7469080727900842,-0.029885083542565853,0.6469048186970211,0.0219478690587833,-0.103911,-28.617519
11.185,2.0,1.0,1.0,33.5,34.5,34.5,1.5,2.0,2.5525,0.7415069274417435,-0.03063241157258502,0.6527837397855116,0.022088992487856084,-0.105684,-28.457988
11.185,2.0,1.0,1.0,33.5,34.5,34.5,1.5,2.0,2.555,0.7360170584139514,-0.03140048422788523,0.6586560138526945,0.022227315673175086,-0.10751,-28.297254
11.185,2.0,1.0,1.0,33.5,34.5,34.5,1.5,2.0,2.5575,0.7304369052534238,-0.03219002656094462,0.6645209620117438,0.02236256627869939,-0.109392,-28.13529
11.185,2.0,1.0,1.0,33.5,34.5,34.5,1.5,2.0,2.56,0.7247648603932596,-0.033001795218162024,0.6703778721705572,0.022494452790701266,-0.111332,-27.972069
11.185,2.0,1.0,1.0,33.5,34.5,34.5,1.5,2.0,2.5625,0.718999267185131,-0.0338365800815689,0.676225997101126,0.0226226630934606,-0.113334,-27.807564
11.185,2.0,1.0,1.0,33.5,34.5,34.5,1.5,2.0,2.565,0.7131384178256919,-0.03469520600852257,0.6820645523721478,0.022746862927679145,-0.115398,-27.641744
11.185,2.0,1.0,1.0,33.5,34.5,34.5,1.5,2.0,2.5675,0.7071805511705409,-0.03557853467583886,0.6878927141332618,0.022866694220833563,-0.11753,-27.474582
11.185,2.0,1.0,1.0,33.5,34.5,34.5,1.5,2.0,2.57,0.7011238504285756,-0.03648746653526908,0.6937096167381454,0.02298177327758473,-0.11973,-27.306045
11.185,2.0,1.0,1.0,33.5,34.5,34.5,1.5,2.0,2.5725,0.6949664407291193,-0.037422942887704626,0.6995143501924311,0.023091688817130022,-0.122003,-27.136103
11.185,2.0,1.0,1.0,33.5,34.5,34.5,1.5,2.0,2.575,0.6887063865536692,-0.03838594808398925,0.7053059574110043,0.02319599984302832,-0.124352,-26.964723
11.185,2.0,1.0,1.0,33.5,34.5,34.5,1.5,2.0,2.5775,0.6823416890235756,-0.03937751186076698,0.7110834312676524,0.023294233329496688,-0.12678,-26.791873
11.185,2.0,1.0,1.0,33.5,34.5,34.5,1.5,2.0,2.58,0.6758702830343759,-0.04039871182034888,0.7168457114183022,0.023385881706485544,-0.129291,-26.617517
11.185,2.0,1.0,1.0,33.5,34.5,34.5,1.5,2.0,2.5825,0.6692900342268883,-0.04145067606419449,0.7225916808771247,0.023470400123937755,-0.131889,-26.44162
11.185,2.0,1.0,1.0,33.5,34.5,34.5,1.5,2.0,2.585,0.6625987357845322,-0.042534585990224326,0.7283201623225966,0.02354720347351735,-0.134579,-26.264147
11.185,2.0,1.0,1.0,33.5,34.5,34.5,1.5,2.0,2.5875,0.6557941050456478,-0.04365167926485368,0.7340299141081821,0.023615663143717488,-0.137364,-26.085059
11.185,2.0,1.0,1.0,33.5,34.5,34.5,1.5,2.0,2.59,0.6488737799188928,-0.044803252981321935,0.7397196259495591,0.02367510348159637,-0.140249,-25.904317
11.185,2.0,1.0,1.0,33.5,34.5,34.5,1.5,2.0,2.5925,0.641835315089032,-0.04599066701662079,0.745387914257274,0.02372479793140409,-0.14324,-25.721882
11.185,2.0,1.0,1.0,33.5,34.5,34.5,1.5,2.0,2.595,0.6346761779996943,-0.04721534760005966,0.7510333170802532,0.023763964817012626,-0.146342,-25.537713
11.185,2.0,1.0,1.0,33.5,34.5,34.5,1.5,2.0,2.5975,0.627393744598852,-0.048478791107279436,0.7566542886217844,0.023791762731290963,-0.149561,-25.351766
11.185,2.0,1.0,1.0,33.5,34.5,34.5,1.5,2.0,2.6,0.6199852948320039,-0.049782568094289985,0.7622491932852287,0.023807285491327063,-0.152902,-25.163997
11.185,2.0,1.0,1.0,33.5,34.5,34.5,1.5,2.0,2.6025,0.6124480078672397,-0.05112832758688059,0.767816299201859,0.02380955661362511,-0.156372,-24.974362
11.185,2.0,1.0,1.0,33.5,34.5,34.5,1.5,2.0,2.605,0.6047789570355369,-0.05251780164151988,0.773353771187741,0.023797523258009455,-0.159979,-24.782813
11.185,2.0,1.0,1.0,33.5,34.5,34.5,1.5,2.0,2.6075,0.5969751044689251,-0.0539528101945803,0.778859663070374,0.02377004958289213,-0.16373,-24.589301
11.185,2.0,1.0,1.0,33.5,34.5,34.5,1.5,2.0,2.61,0.589033295418397,-0.05543526621740315,0.7843319093188195,0.023725909447676823,-0.167632,-24.393776
11.185,2.0,1.0,1.0,33.5,34.5,34.5,1.5,2.0,2.6125,0.5809502522328234,-0.05696718119530949,0.7897683159031382,0.023663778390293454,-0.171694,-24.196186
11.185,2.0,1.0,1.0,33.5,34.5,34.5,1.5,2.0,2.615,0.5727225679796034,-0.05855067094913416,0.7951665503000116,0.02358222479903507,-0.175926,-23.996477
11.185,2.0,1.0,1.0,33.5,34.5,34.5,1.5,2.0,2.6175,0.5643466996874381,-0.06018796181815408,0.8005241305512629,0.023479700187871773,-0.180337,-23.794593
11.185,2.0,1.0,1.0,33.5,34.5,34.5,1.5,2.0,2.62,0.555818961191456,-0.06188139722335857,0.8058384132704915,0.023354528473054758,-0.184939,-23.590476
11.185,2.0,1.0,1.0,33.5,34.5,34.5,1.5,2.0,2.6225,0.5471355155611026,-0.06363344462976883,0.811106580479959,0.02320489413591077,-0.189741,-23.384067
11.185,2.0,1.0,1.0,33.5,34.5,34.5,1.5,2.0,2.625,0.538292367091774,-0.0654467029258677,0.81632562514495,0.0230288291420341,-0.194757,-23.175302
11.185,2.0,1.0,1.0,33.5,34.5,34.5,1.5,2.0,2.6275,0.5292853528422148,-0.06732391023704183,0.8214923352559356,0.022824198470329616,-0.2,-22.964118
11.185,2.0,1.0,1.0,33.5,34.5,34.5,1.5,2.0,2.63,0.5201101337014916,-0.0692679521880797,0.8266032762894944,0.022588684086265118,-0.205484,-22.750447
11.185,2.0,1.0,1.0,33.5,34.5,34.5,1.5,2.0,2.6325,0.5107621849719182,-0.07128187062705908,0.8316547718569176,0.02231976717186765,-0.211224,-22.534221
11.185,2.0,1.0,1.0,33.5,34.5,34.5,1.5,2.0,2.635,0.501236786458027,-0.07336887281912086,0.8366428823242132,0.02201470840006204,-0.217238,-22.315366
11.185,2.0,1.0,1.0,33.5,34.5,34.5,1.5,2.0,2.6375,0.49152901205677657,-0.07553234111338444,0.8415633811583743,0.021670526012407477,-0.223543,-22.093809
11.185,2.0,1.0,1.0,33.5,34.5,34.5,1.5,2.0,2.64,0.4816337188510205,-0.07777584307922766,0.8464117287217813,0.021283971426587018,-0.230158,-21.869471
11.185,2.0,1.0,1.0,33.5,34.5,34.5,1.5,2.0,2.6425,0.47154553571741586,-0.08010314209884621,0.8511830431987235,0.020851502062516705,-0.237107,-21.642271
11.185,2.0,1.0,1.0,33.5,34.5,34.5,1.5,2.0,2.645,0.46125885147185075,-0.08251820839086163,0.8558720682946096,0.020369251032908427,-0.24441,-21.412126
11.185,2.0,1.0,1.0,33.5,34.5,34.5,1.5,2.0,2.6475,0.4507678025909975,-0.08502523042397625,0.8604731372985527,0.019832993294695837,-0.252095,-21.178947
11.185,2.0,1.0,1.0,33.5,34.5,34.5,1.5,2.0,2.65,0.4400662605685798,-0.08762862665939694,0.8649801330426916,0.019238107800917857,-0.260187,-20.942645
11.185,2.0,1.0,1.0,33.5,34.5,34.5,1.5,2.0,2.6525,0.4291478189906794,-0.09033305753473014,0.8693864432256733,0.018579535127315642,-0.268719,-20.703124
11.185,2.0,1.0,1.0,33.5,34.5,34.5,1.5,2.0,2.655,0.4180057804471207,-0.09314343756890159,0.8736849104918896,0.01785172997269439,-0.277721,-20.460286
11.185,2.0,1.0,1.0,33.5,34.5,34.5,1.5,2.0,2.6575,0.40663314343783696,-0.09606494742543319,0.8778677765707348,0.017048607845556348,-0.287231,-20.214028
11.185,2.0,1.0,1.0,33.5,34.5,34.5,1.5,2.0,2.66,0.39502258948615604,-0.09910304571786556,0.8819266196796391,0.016163485149859116,-0.297287,-19.964244
11.185,2.0,1.0,1.0,33.5,34.5,34.5,1.5,2.0,2.6625,0.3831664707382677,-0.10226348027325771,0.8858522842789363,0.015189011768060149,-0.307935,-19.710822
11.185,2.0,1.0,1.0,33.5,34.5,34.5,1.5,2.0,2.665,0.3710567984133292,-0.10555229848387665,0.8896348021334971,0.014117095107635548,-0.31922,-19.453647
11.185,2.0,1.0,1.0,33.5,34.5,34.5,1.5,2.0,2.6675,0.35868523257652546,-0.10897585626866502,0.8932633034829716,0.01293881442555522,-0.331197,-19.192599
11.185,2.0,1.0,1.0,33.5,34.5,34.5,1.5,2.0,2.67,0.3460430738436174,-0.11254082502903073,0.8967259169467063,0.011644324070994529,-0.343923,-18.927552
11.185,2.0,1.0,1.0,33.5,34.5,34.5,1.5,2.0,2.6725,0.33312125779777835,-0.11625419581038401,0.9000096565878938,0.010222744086940036,-0.357464,-18.658375
11.185,2.0,1.0,1.0,33.5,34.5,34.5,1.5,2.0,2.675,0.3199103531171516,-0.1201232796622364,0.9031002943310765,0.008662036383161063,-0.371891,-18.384932
11.185,2.0,1.0,1.0,33.5,34.5,34.5,1.5,2.0,2.6775,0.30640056468652865,-0.1241557029135933,0.9059822156645947,0.0069488644331187075,-0.387284,-18.107083
11.185,2.0,1.0,1.0,33.5,34.5,34.5,1.5,2.0,2.68,0.2925817433141696,-0.12835939573157887,0.9086382562617579,0.005068434152779113,-0.403732,-17.824681
11.185,2.0,1.0,1.0,33.5,34.5,34.5,1.5,2.0,2.6825,0.2784434041142512,-0.13274257189047975,0.9110495168189091,0.0030043132875088147,-0.421333,-17.537571
11.185,2.0,1.0,1.0,33.5,34.5,34.5,1.5,2.0,2.685,0.26397475617123933,-0.1373136971212032,0.9131951530335007,0.000738226262792039,-0.440199,-17.245597
11.185,2.0,1.0,1.0,33.5,34.5,34.5,1.5,2.0,2.6875,0.249164746805753,-0.142081442706488,0.915052137231012,-0.00175017895417147,-0.460454,-16.948594
11.185,2.0,1.0,1.0,33.5,34.5,34.5,1.5,2.0,2.69,0.23400212465158748,-0.14705462009575843,0.9165949876992472,-0.004483595878394496,-0.482239,-16.646391
11.185,2.0,1.0,1.0,33.5,34.5,34.5,1.5,2.0,2.6925,0.21847552688025768,-0.15224209118553422,0.917795461310378,-0.007487360782872468,-0.505709,-16.338813
11.185,2.0,1.0,1.0,33.5,34.5,34.5,1.5,2.0,2.695,0.20257359733598918,-0.15765264748390603,0.9186222045205068,-0.010789795072878498,-0.531044,-16.025679
11.185,2.0,1.0,1.0,33.5,34.5,34.5,1.5,2.0,2.6975,0.18628514414941363,-0.16329484957178425,0.9190403573607522,-0.014422594068855788,-0.558445,-15.706803
11.185,2.0,1.0,1.0,33.5,34.5,34.5,1.5,2.0,2.7,0.16959934768222734,-0.16917681599027307,0.9190111046170385,-0.018421267909476666,-0.58814,-15.381994
11.185,2.0,1.0,1.0,33.5,34.5,34.5,1.5,2.0,2.7025,0.15250603254096864,-0.17530594779958034,0.9184911681078428,-0.022825640555662774,-0.62039,-15.051057
11.185,2.0,1.0,1.0,33.5,34.5,34.5,1.5,2.0,2.705,0.13499602103880803,-0.18168857141849062,0.9174322339175242,-0.027680412905006765,-0.655491,-14.713797
11.185,2.0,1.0,1.0,33.5,34.5,34.5,1.5,2.0,2.7075,0.11706159006501196,-0.18832947778032053,0.915780308789689,-0.033035795651092444,-0.693785,-14.370015
11.185,2.0,1.0,1.0,33.5,34.5,34.5,1.5,2.0,2.71,0.0986970590641833,-0.19523133011166185,0.9134750008718524,-0.038948216501155916,-0.735661,-14.019514
11.185,2.0,1.0,1.0,33.5,34.5,34.5,1.5,2.0,2.7125,0.0798995439878014,-0.20239390549993033,0.9104487219845075,-0.04548110434217484,-0.781571,-13.662102
11.185,2.0,1.0,1.0,33.5,34.5,34.5,1.5,2.0,2.715,0.060669920943508794,-0.2098131265837235,0.9066258120815712,-0.05270574940179094,-0.832034,-13.297593
11.185,2.0,1.0,1.0,33.5,34.5,34.5,1.5,2.0,2.7175,0.04101405412416759,-0.21747982888957884,0.901921592319715,-0.06070223264096301,-0.887653,-12.925811
11.185,2.0,1.0,1.0,33.5,34.5,34.5,1.5,2.0,2.72,0.02094435570393364,-0.22537819630142833,0.8962413622227678,-0.06956040847810181,-0.949129,-12.546599
11.185,2.0,1.0,1.0,33.5,34.5,34.5,1.5,2.0,2.7225,0.000481760877028857,-0.23348378175889295,0.8894793703090323,-0.07938091098577689,-1.017281,-12.159821
11.185,2.0,1.0,1.0,33.5,34.5,34.5,1.5,2.0,2.725,-0.0203417810471758,-0.2417610126832714,0.8815178083184334,-0.09027613284946305,-1.093066,-11.765377
11.185,2.0,1.0,1.0,33.5,34.5,34.5,1.5,2.0,2.7275,-0.04148017925004929,-0.2501600614991095,0.8722259096583654,-0.10237109581474971,-1.177609,-11.363209
11.185,2.0,1.0,1.0,33.5,34.5,34.5,1.5,2.0,2.73,-0.06286929814857418,-0.25861294257574774,0.8614592766342021,-0.11580408733601752,-1.272235,-10.953318
11.185,2.0,1.0,1.0,33.5,34.5,34.5,1.5,2.0,2.7325,-0.08442212262361164,-0.2670286811965833,0.8490596232483171,-0.13072687589400608,-1.378511,-10.53578
11.185,2.0,1.0,1.0,33.5,34.5,34.5,1.5,2.0,2.735,-0.10602282906496699,-0.2752873936580824,0.8348552066636442,-0.1473042311885352,-1.498293,-10.11077
11.185,2.0,1.0,1.0,33.5,34.5,34.5,1.5,2.0,2.7375,-0.12751961164986994,-0.2832331303426547,0.8186623372524258,-0.16571235878235127,-1.633789,-9.678585
11.185,2.0,1.0,1.0,33.5,34.5,34.5,1.5,2.0,2.74,-0.1487161607002041,-0.2906653818657939,0.8002885102882634,-0.18613570607192492,-1.787629,-9.239684
11.185,2.0,1.0,1.0,33.5,34.5,34.5,1.5,2.0,2.7425,-0.16936179784508734,-0.29732925726129883,0.7795378942882556,-0.20876140533938708,-1.962953,-8.794721
11.185,2.0,1.0,1.0,33.5,34.5,34.5,1.5,2.0,2.745,-0.1891404777247021,-0.302904549238563,0.7562201357673055,-0.23377039630463337,-2.163515,-8.344596
11.185,2.0,1.0,1.0,33.5,34.5,34.5,1.5,2.0,2.7475,-0.20765921790175967,-0.3069942544241739,0.7301636740875056,-0.2613240389478557,-2.393805,-7.890512
11.185,2.0,1.0,1.0,33.5,34.5,34.5,1.5,2.0,2.75,-0.224437077938825,-0.309113676238033,0.701234947363253,-0.291544843502298,-2.659186,-7.434033
11.185,2.0,1.0,1.0,33.5,34.5,34.5,1.5,2.0,2.7525,-0.2388966343974951,-0.30868206310808277,0.6693649026689499,-0.3244899169899013,-2.966046,-6.97716
11.185,2.0,1.0,1.0,33.5,34.5,34.5,1.5,2.0,2.755,-0.25036101839928226,-0.3050198515911148,0.6345839171476275,-0.360116038381634,-3.321947,-6.522395
11.185,2.0,1.0,1.0,33.5,34.5,34.5,1.5,2.0,2.7575,-0.2580609324519945,-0.2973559272360808,0.5970653173941346,-0.3982362003742835,-3.73575,-6.072809
11.185,2.0,1.0,1.0,33.5,34.5,34.5,1.5,2.0,2.76,-0.26115739071664534,-0.28485063125518995,0.5571758112427226,-0.4384693344914075,-4.217643,-5.632091
11.185,2.0,1.0,1.0,33.5,34.5,34.5,1.5,2.0,2.7625,-0.2587866672817299,-0.2666409626645679,0.5155280148479354,-0.48018806813072656,-4.778954,-5.204564
11.185,2.0,1.0,1.0,33.5,34.5,34.5,1.5,2.0,2.765,-0.25013312753043443,-0.24191359170469195,0.4730258487815422,-0.5224737616710008,-5.431483,-4.795151
11.185,2.0,1.0,1.0,33.5,34.5,34.5,1.5,2.0,2.7675,-0.23453199128949026,-0.21000764930842591,0.4308885624455372,-0.5640930616363705,-6.185777,-4.409266
11.185,2.0,1.0,1.0,33.5,34.5,34.5,1.5,2.0,2.77,-0.21159655317475037,-0.17054172083107932,0.39063533978694953,-0.6035139646855976,-7.047209,-4.052611
11.185,2.0,1.0,1.0,33.5,34.5,34.5,1.5,2.0,2.7725,-0.1813531060082319,-0.12354820815933852,0.3540128904901596,-0.6389788717222744,-8.007549,-3.730869
11.185,2.0,1.0,1.0,33.5,34.5,34.5,1.5,2.0,2.775,-0.1443544485745665,-0.06958592032865087,0.32285653211608145,-0.6686439483122836,-9.028311,-3.449318
11.185,2.0,1.0,1.0,33.5,34.5,34.5,1.5,2.0,2.7775,-0.10173517111267243,-0.009794172462253396,0.29889246718835477,-0.6907768844639331,-10.013626,-3.212371
11.185,2.0,1.0,1.0,33.5,34.5,34.5,1.5,2.0,2.78,-0.05517603064832912,0.054144081693167506,0.28351184065869617,-0.7039823150898196,-10.787123,-3.023151
11.185,2.0,1.0,1.0,33.5,34.5,34.5,1.5,2.0,2.7825,-0.006764589879957388,0.12014260885903212,0.27756640629964086,-0.7074050553339628,-11.130083,-2.883141
11.185,2.0,1.0,1.0,33.5,34.5,34.5,1.5,2.0,2.785,0.04122938486583097,0.1859369632720807,0.2812396052212106,-0.7008575146711415,-10.926124,-2.792011
11.185,2.0,1.0,1.0,33.5,34.5,34.5,1.5,2.0,2.7875,0.08661555627821864,0.24934589759376524,0.2940293672740318,-0.6848352966958982,-10.270777,-2.747642
11.185,2.0,1.0,1.0,33.5,34.5,34.5,1.5,2.0,2.79,0.12752041988768162,0.3085079116743608,0.31484546057476914,-0.6604185135513376,-9.378351,-2.746359
11.185,2.0,1.0,1.0,33.5,34.5,34.5,1.5,2.0,2.7925,0.1625497026515392,0.3620424000559261,0.34219008096241776,-0.629090377944228,-8.430983,-2.7833
11.185,2.0,1.0,1.0,33.5,34.5,34.5,1.5,2.0,2.795,0.19085275450187913,0.40911271257840975,0.3743710667976163,-0.5925237603441963,-7.530623,-2.852867
11.185,2.0,1.0,1.0,33.5,34.5,34.5,1.5,2.0,2.7975,0.21209649287248647,0.4493989606880423,0.4096985739254659,-0.5523847756457568,-6.719511,-2.949164
11.185,2.0,1.0,1.0,33.5,34.5,34.5,1.5,2.0,2.8,0.22637696518758388,0.4830087869463017,0.44663282439467167,-0.5101855862625477,-6.007982,-3.066364
11.185,2.0,1.0,1.0,33.5,34.5,34.5,1.5,2.0,2.8025,0.23410243474426357,0.5103600267592341,0.48387179939491387,-0.46719734255567863,-5.391985,-3.198996
11.185,2.0,1.0,1.0,33.5,34.5,34.5,1.5,2.0,2.805,0.2358762762122981,0.5320634820476365,0.5203845314257171,-0.4244174483632551,-4.861997,-3.342111
11.185,2.0,1.0,1.0,33.5,34.5,34.5,1.5,2.0,2.8075,0.23239729754733918,0.5488233191053706,0.5554043728951268,-0.3825766883024819,-4.407129,-3.491371
11.185,2.0,1.0,1.0,33.5,34.5,34.5,1.5,2.0,2.81,0.22438477231236148,0.5613622724613664,0.5883982191749143,-0.34217021361301736,-4.0169,-3.643071
11.185,2.0,1.0,1.0,33.5,34.5,34.5,1.5,2.0,2.8125,0.212528157568342,0.57037155083623,0.619025028902889,-0.303499057216952,-3.681909,-3.794107
11.185,2.0,1.0,1.0,33.5,34.5,34.5,1.5,2.0,2.815,0.1974575715692817,0.5764814680110117,0.6470928556474423,-0.2667129947265956,-3.394014,-3.941923
11.185,2.0,1.0,1.0,33.5,34.5,34.5,1.5,2.0,2.8175,0.17972981147548112,0.5802475505896956,0.6725197113634998,-0.23184946450022514,-3.146295,-4.084441
11.185,2.0,1.0,1.0,33.5,34.5,34.5,1.5,2.0,2.82,0.15982494049482096,0.5821471395695174,0.6953006530552731,-0.19886618379189266,-2.932933,-4.219995
11.185,2.0,1.0,1.0,33.5,34.5,34.5,1.5,2.0,2.8225,0.13814940713415272,0.5825824446496346,0.7154816078406235,-0.167666966476662,-2.749061,-4.347255
11.185,2.0,1.0,1.0,33.5,34.5,34.5,1.5,2.0,2.825,0.11504273969992816,0.5818870941640077,0.7331394249861042,-0.13812126680759346,-2.590626,-4.465174
11.185,2.0,1.0,1.0,33.5,34.5,34.5,1.5,2.0,2.8275,0.09078582001980931,0.5803341844216268,0.7483671957432262,-0.11007841511327789,-2.454258,-4.572928
11.185,2.0,1.0,1.0,33.5,34.5,34.5,1.5,2.0,2.83,0.06560948868497356,0.5781445785835972,0.7612637793518876,-0.0833776091710865,-2.337157,-4.669872
11.185,2.0,1.0,1.0,33.5,34.5,34.5,1.5,2.0,2.8325,0.0397027686655559,0.575494736614014,0.7719265499004468,-0.05785464552320187,-2.237007,-4.755502
11.185,2.0,1.0,1.0,33.5,34.5,34.5,1.5,2.0,2.835,0.013220351442405104,0.5725237112891658,0.7804465294370098,-0.03334622236192579,-2.151891,-4.829422
11.185,2.0,1.0,1.0,33.5,34.5,34.5,1.5,2.0,2.8375,-0.013710785147505945,0.5693391659350726,0.786905239309235,-0.009692478041974626,-2.080233,-4.89132
11.185,2.0,1.0,1.0,33.5,34.5,34.5,1.5,2.0,2.84,-0.04098562493104761,0.5660223978737959,0.7913727554599629,0.013261724678653537,-2.020745,-4.940944
11.185,2.0,1.0,1.0,33.5,34.5,34.5,1.5,2.0,2.8425,-0.06851615188389253,0.562632418942258,0.7939065831126476,0.03566638775875844,-1.972385,-4.978088
11.185,2.0,1.0,1.0,33.5,34.5,34.5,1.5,2.0,2.845,-0.09622706816827208,0.5592091734620982,0.7945510700560934,0.05766656192110757,-1.934327,-5.002575
11.185,2.0,1.0,1.0,33.5,34.5,34.5,1.5,2.0,2.8475,-0.12405206722658252,0.5557759799520342,0.7933371580779188,0.07940292526186428,-1.905933,-5.014251
11.185,2.0,1.0,1.0,33.5,34.5,34.5,1.5,2.0,2.85,-0.1519305356080628,0.5523412755324029,0.7902823331391143,0.1010126135215996,-1.886737,-5.012975
11.185,2.0,1.0,1.0,33.5,34.5,34.5,1.5,2.0,2.8525,-0.17980456071559336,0.5488997274374176,0.7853906810320858,0.12263019986373372,-1.876428,-4.998609
11.185,2.0,1.0,1.0,33.5,34.5,34.5,1.5,2.0,2.855,-0.20761612657589462,0.5454327578612449,0.7786529906007292,0.1443887493601298,-1.874844,-4.97102
11.185,2.0,1.0,1.0,33.5,34.5,34.5,1.5,2.0,2.8575,-0.23530438373840845,0.5419085084384492,0.7700468747129859,0.16642088986270098,-1.88197,-4.930072
11.185,2.0,1.0,1.0,33.5,34.5,34.5,1.5,2.0,2.86,-0.26280288119301426,0.5382812499314564,0.7595369032185524,0.18885984819240842,-1.897933,-4.875628
11.185,2.0,1.0,1.0,33.5,34.5,34.5,1.5,2.0,2.8625,-0.2900366471220591,0.5344902215592884,0.7470747649766076,0.21184039938476049,-1.923013,-4.807548
11.185,2.0,1.0,1.0,33.5,34.5,34.5,1.5,2.0,2.865,-0.31691900120472,0.5304578630345163,0.7325995005165383,0.23549966700856773,-1.957653,-4.725691
11.185,2.0,1.0,1.0,33.5,34.5,34.5,1.5,2.0,2.8675,-0.34334797436188186,0.5260873810423881,0.7160378759898861,0.25997769333741155,-2.002474,-4.629919
11.185,2.0,1.0,1.0,33.5,34.5,34.5,1.5,2.0,2.87,-0.3692022031388361,0.521259571261424,0.6973050062069112,0.28541766743732916,-2.058296,-4.520103
11.185,2.0,1.0,1.0,33.5,34.5,34.5,1.5,2.0,2.8725,-0.3943361571358294,0.5158287985786472,0.6763053838431607,0.3119656539791942,-2.126175,-4.396128
11.185,2.0,1.0,1.0,33.5,34.5,34.5,1.5,2.0,2.875,-0.418574552232639,0.509618024836369,0.652934538403177,0.339769601505885,-2.20744,-4.257905
11.185,2.0,1.0,1.0,33.5,34.5,34.5,1.5,2.0,2.8775,-0.44170580540719706,0.5024127706057069,0.6270816383797635,0.3689773204141227,-2.30375,-4.105387
11.185,2.0,1.0,1.0,33.5,34.5,34.5,1.5,2.0,2.88,-0.4634744081165289,0.49395391430387453,0.5986334703842956,0.39973300136035483,-2.417161,-3.938585
11.185,2.0,1.0,1.0,33.5,34.5,34.5,1.5,2.0,2.8825,-0.4835721498160699,0.4839292836168299,0.5674803873454657,0.4321716870572749,-2.550221,-3.757593
11.185,2.0,1.0,1.0,33.5,34.5,34.5,1.5,2.0,2.885,-0.5016282355023498,0.47196410477554984,0.5335250202966437,0.46641090876107427,-2.706085,-3.562619
11.185,2.0,1.0,1.0,33.5,34.5,34.5,1.5,2.0,2.8875,-0.5171985482988363,0.4576105817355355,0.49669479567725455,0.5025384527161385,-2.888679,-3.354028
11.185,2.0,1.0,1.0,33.5,34.5,34.5,1.5,2.0,2.89,-0.5297546644891983,0.44033723391333707,0.45695958049549645,0.5405949439348969,-3.102898,-3.132388
11.185,2.0,1.0,1.0,33.5,34.5,34.5,1.5,2.0,2.8925,-0.5386738091420232,0.41951920250894037,0.4143560524868154,0.5805496642881776,-3.354893,-2.898536
11.185,2.0,1.0,1.0,33.5,34.5,34.5,1.5,2.0,2.895,-0.5432318397158251,0.39443163489665983,0.36902057296881263,0.6222678483776678,-3.652437,-2.653653
11.185,2.0,1.0,1.0,33.5,34.5,34.5,1.5,2.0,2.8975,-0.5426026607727678,0.36424957054799023,0.32123225253576876,0.6654677987918604,-4.005451,-2.399357
11.185,2.0,1.0,1.0,33.5,34.5,34.5,1.5,2.0,2.9,-0.5358692623053669,0.32805953498133383,0.2714672386592996,0.7096668379651002,-4.426729,-2.137811
11.185,2.0,1.0,1.0,33.5,34.5,34.5,1.5,2.0,2.9025,-0.522053754214003,0.2848902133125745,0.2204635398802455,0.7541168460111699,-4.932998,-1.871838
11.185,2.0,1.0,1.0,33.5,34.5,34.5,1.5,2.0,2.905,-0.5001759338166073,0.23377171040481673,0.16929228301135105,0.7977335697312108,-5.546514,-1.605043
11.185,2.0,1.0,1.0,33.5,34.5,34.5,1.5,2.0,2.9075,-0.4693510658932936,0.17383399892373502,0.11942550150981122,0.8390296952833813,-6.297592,-1.341921
11.185,2.0,1.0,1.0,33.5,34.5,34.5,1.5,2.0,2.91,-0.42893577688843076,0.10445330916357433,0.07278211829526471,0.8760700969378475,-7.228881,-1.08792
11.185,2.0,1.0,1.0,33.5,34.5,34.5,1.5,2.0,2.9125,-0.37872344349344744,0.025447611222871775,0.03172378539073755,0.9064776137811731,-8.40319,-0.849437
11.185,2.0,1.0,1.0,33.5,34.5,34.5,1.5,2.0,2.915,-0.31917426039731084,-0.06269391985958082,-0.001035621313031929,0.9275254394622623,-9.919397,-0.633687
11.185,2.0,1.0,1.0,33.5,34.5,34.5,1.5,2.0,2.9175,-0.2516396717252922,-0.15858805583060923,-0.022641515271021095,0.9363504668278173,-11.9494,-0.448405
11.185,2.0,1.0,1.0,33.5,34.5,34.5,1.5,2.0,2.92,-0.17851174638227968,-0.25981083059746957,-0.03044536850548242,0.9303012802443338,-14.84214,-0.30136
11.185,2.0,1.0,1.0,33.5,34.5,34.5,1.5,2.0,2.9225,-0.10321069429328669,-0.3629136007161061,-0.02245601111627792,0.9073893683624107,-19.524635,-0.199685
11.185,2.0,1.0,1.0,33.5,34.5,34.5,1.5,2.0,2.925,-0.0299399185178833,-0.46367175567413405,0.002196474924021492,0.86675102688089,-30.451676,-0.14911
11.185,2.0,1.0,1.0,33.5,34.5,34.5,1.5,2.0,2.9275,0.03679835090424056,-0.5575719368842349,0.04292462650904042,0.8089794668308574,-24.95306,-0.153223
11.185,2.0,1.0,1.0,33.5,34.5,34.5,1.5,2.0,2.93,0.09283731372913327,-0.6404471276733744,0.09761163130863544,0.7361913390941703,-17.412,-0.212945
11.185,2.0,1.0,1.0,33.5,34.5,34.5,1.5,2.0,2.9325,0.13495957145395673,-0.7090888564109616,0.16286386976036937,0.6517685822202078,-13.493164,-0.326349
11.185,2.0,1.0,1.0,33.5,34.5,34.5,1.5,2.0,2.935,0.16131060253429394,-0.7616566121227096,0.23452825786659945,0.5598367108859227,-10.91383,-0.48887
11.185,2.0,1.0,1.0,33.5,34.5,34.5,1.5,2.0,2.9375,0.171506961998338,-0.797780796088682,0.308316701893221,0.464638147946298,-9.04922,-0.693857
11.185,2.0,1.0,1.0,33.5,34.5,34.5,1.5,2.0,2.94,0.1664523332998468,-0.8183736982305143,0.3803590505376562,0.36997925573697193,-7.635147,-0.933309
11.185,2.0,1.0,1.0,33.5,34.5,34.5,1.5,2.0,2.9425,0.1479676903540959,-0.8252557705145174,0.4475635852258484,0.27887129896866886,-6.532411,-1.198634
11.185,2.0,1.0,1.0,33.5,34.5,34.5,1.5,2.0,2.945,0.11837019868277572,-0.8207321766346561,0.5077546377008639,0.1933946958879087,-5.657086,-1.481287
11.185,2.0,1.0,1.0,33.5,34.5,34.5,1.5,2.0,2.9475,0.08010612488579397,-0.8072246341447028,0.5596293952070032,0.11474356508535113,-4.953904,-1.773236
11.185,2.0,1.0,1.0,33.5,34.5,34.5,1.5,2.0,2.95,0.03548977104217566,-0.7870099829415076,0.6026069733042116,0.043376907725017295,-4.38428,-2.067222
11.185,2.0,1.0,1.0,33.5,34.5,34.5,1.5,2.0,2.9525,-0.013446085107966936,-0.7620703184971244,0.6366383314534992,-0.02079238358783728,-3.920207,-2.356867
11.185,2.0,1.0,1.0,33.5,34.5,34.5,1.5,2.0,2.955,-0.065009419882801,-0.7340329602294025,0.6620239095147584,-0.0782175871774977,-3.540849,-2.636654
11.185,2.0,1.0,1.0,33.5,34.5,34.5,1.5,2.0,2.9575,-0.1178472504953085,-0.7041704238244338,0.6792626181333071,-0.12957087262957162,-3.230453,-2.901836
11.185,2.0,1.0,1.0,33.5,34.5,34.5,1.5,2.0,2.96,-0.1709094347141186,-0.6734335489521652,0.6889386959092507,-0.17563518607066791,-2.977017,-3.148313
11.185,2.0,1.0,1.0,33.5,34.5,34.5,1.5,2.0,2.9625,-0.2233972099709556,-0.6424981186744282,0.6916432428034347,-0.21723220150893108,-2.771386,-3.372482
11.185,2.0,1.0,1.0,33.5,34.5,34.5,1.5,2.0,2.965,-0.2747083266464563,-0.6118125218098307,0.6879232304698286,-0.25517935078694626,-2.606626,-3.571092
11.185,2.0,1.0,1.0,33.5,34.5,34.5,1.5,2.0,2.9675,-0.32438482704591604,-0.5816395203877788,0.6782501752646535,-0.290268453336961,-2.477603,-3.741113
11.185,2.0,1.0,1.0,33.5,34.5,34.5,1.5,2.0,2.97,-0.3720655330052247,-0.5520886975240925,0.663001637164511,-0.3232595577745113,-2.380692,-3.879597
11.185,2.0,1.0,1.0,33.5,34.5,34.5,1.5,2.0,2.9725,-0.41744273771927626,-0.5231379785067227,0.6424501862131055,-0.3548851656967879,-2.313614,-3.983562
11.185,2.0,1.0,1.0,33.5,34.5,34.5,1.5,2.0,2.975,-0.4602208860471114,-0.49464314269234216,0.6167559365288174,-0.3858614557131261,-2.275381,-4.049881
11.185,2.0,1.0,1.0,33.5,34.5,34.5,1.5,2.0,2.9775,-0.50007361775137,-0.4663337535094047,0.5859600466493543,-0.4169041843752527,-2.266358,-4.075165
11.185,2.0,1.0,1.0,33.5,34.5,34.5,1.5,2.0,2.98,-0.5365939111653943,-0.43779249167877465,0.5499778508991464,-0.4487474149921419,-2.288473,-4.055671
11.185,2.0,1.0,1.0,33.5,34.5,34.5,1.5,2.0,2.9825,-0.5692296276317618,-0.4084122871609822,0.5085919254575947,-0.48216278646880545,-2.345638,-3.987208
11.185,2.0,1.0,1.0,33.5,34.5,34.5,1.5,2.0,2.985,-0.5971927977368734,-0.37732141178577266,0.46144829762877576,-0.5179749051615075,-2.4445,-3.865076
11.185,2.0,1.0,1.0,33.5,34.5,34.5,1.5,2.0,2.9875,-0.6193245728910606,-0.34326001717802024,0.40806513311800957,-0.5570627747175978,-2.595741,-3.684077
11.185,2.0,1.0,1.0,33.5,34.5,34.5,1.5,2.0,2.99,-0.6338879819100763,-0.30438167694606827,0.3478769652318768,-0.6003236773973907,-2.816375,-3.438666
11.185,2.0,1.0,1.0,33.5,34.5,34.5,1.5,2.0,2.9925,-0.6382481698542037,-0.25794113857538,0.28036870193711516,-0.6485448309033257,-3.133929,-3.123426
11.185,2.0,1.0,1.0,33.5,34.5,34.5,1.5,2.0,2.995,-0.6283934607305558,-0.19982375886138395,0.20542361677687637,-0.7020582814633813,-3.594418,-2.734233
11.185,2.0,1.0,1.0,33.5,34.5,34.5,1.5,2.0,2.9975,-0.5982906128226233,-0.12391367317282687,0.12415942127244234,-0.7599052759568158,-4.278638,-2.27084
11.185,2.0,1.0,1.0,33.5,34.5,34.5,1.5,2.0,3.0,-0.5392985021653136,-0.02153159361150321,0.04080608582743928,-0.8179598303298075,-5.338622,-1.742352
11.185,2.0,1.0,1.0,33.5,34.5,34.5,1.5,2.0,3.0025,-0.440706478271969,0.11798203709660256,-0.03351435587210813,-0.8651651835887442,-7.091968,-1.177997
11.185,2.0,1.0,1.0,33.5,34.5,34.5,1.5,2.0,3.005,-0.2946702086016273,0.3022674996846515,-0.07496614970841026,-0.8777839814874588,-10.340909,-0.645581
11.185,2.0,1.0,1.0,33.5,34.5,34.5,1.5,2.0,3.0075,-0.11133223974352559,0.5208192695174797,-0.04461068938291462,-0.8172031674165384,-18.420907,-0.273003
11.185,2.0,1.0,1.0,33.5,34.5,34.5,1.5,2.0,3.01,0.05926024802946225,0.7233555826803459,0.0920511229338881,-0.6497203648084118,-19.213552,-0.243937
11.185,2.0,1.0,1.0,33.5,34.5,34.5,1.5,2.0,3.0125,0.13805343522995853,0.8313245145520484,0.3158512147770479,-0.39552462519517023,-9.251077,-0.718397
11.185,2.0,1.0,1.0,33.5,34.5,34.5,1.5,2.0,3.015,0.08865742187901159,0.8095221671469106,0.5431369038394267,-0.1385619872791202,-5.187612,-1.710016
11.185,2.0,1.0,1.0,33.5,34.5,34.5,1.5,2.0,3.0175,-0.047457174787932245,0.7002117413292575,0.701222810636343,0.049127829142339347,-3.063033,-3.074086
11.185,2.0,1.0,1.0,33.5,34.5,34.5,1.5,2.0,3.02,-0.20753982549601915,0.5661244290377022,0.7777581296693077,0.15588901080139136,-1.884381,-4.624349
11.185,2.0,1.0,1.0,33.5,34.5,34.5,1.5,2.0,3.0225,-0.35478293165787983,0.44373780314459155,0.7948043289859394,0.2040492164998317,-1.205687,-6.2244
11.185,2.0,1.0,1.0,33.5,34.5,34.5,1.5,2.0,3.025,-0.47781950952349717,0.3441560034997644,0.7767571352888155,0.21797683015361458,-0.800526,-7.800038
11.185,2.0,1.0,1.0,33.5,34.5,34.5,1.5,2.0,3.0275,-0.5771857824664646,0.2667083539025823,0.7401890734169965,0.21411906969985567,-0.550126,-9.318872
11.185,2.0,1.0,1.0,33.5,34.5,34.5,1.5,2.0,3.03,-0.6568940531819657,0.20733445684100074,0.6946232478760064,0.20186561852536342,-0.390485,-10.77081
11.185,2.0,1.0,1.0,33.5,34.5,34.5,1.5,2.0,3.0325,-0.7211332629827566,0.16184258416262495,0.6451654502219715,0.1862057953723588,-0.285981,-12.156279
11.185,2.0,1.0,1.0,33.5,34.5,34.5,1.5,2.0,3.035,-0.7733530111075007,0.12680164502138047,0.594462000367127,0.16968839466623964,-0.216095,-13.480167
11.185,2.0,1.0,1.0,33.5,34.5,34.5,1.5,2.0,3.0375,-0.8161822269122662,0.0996104113104302,0.5438478962855389,0.1535661715112594,-0.168593,-14.748929
11.185,2.0,1.0,1.0,33.5,34.5,34.5,1.5,2.0,3.04,-0.8515725219356058,0.07834843551183089,0.49396995081776485,0.13841499282170708,-0.135946,-15.969278
11.185,2.0,1.0,1.0,33.5,34.5,34.5,1.5,2.0,3.0425,-0.8809657722867512,0.061605873845511645,0.44511679202587273,0.12446072619292893,-0.113387,-17.147633
11.185,2.0,1.0,1.0,33.5,34.5,34.5,1.5,2.0,3.045,-0.9054328457651335,0.04834366313408896,0.3973928946554653,0.11175106163297666,-0.097812,-18.289933
11.185,2.0,1.0,1.0,33.5,34.5,34.5,1.5,2.0,3.0475,-0.9257771767394669,0.037789556132448505,0.35081058632777956,0.10024599695441577,-0.087157,-19.401599
11.185,2.0,1.0,1.0,33.5,34.5,34.5,1.5,2.0,3.05,-0.9426091884057561,0.029363636084799142,0.30533878235412687,0.08986553430669922,-0.080018,-20.487578
11.185,2.0,1.0,1.0,33.5,34.5,34.5,1.5,2.0,3.0525,-0.9563990994822607,0.022625591145879826,0.26092870069864194,0.0805146858223758,-0.075424,-21.552413
11.185,2.0,1.0,1.0,33.5,34.5,34.5,1.5,2.0,3.055,-0.967514370496869,0.017237405658300783,0.2175272213943037,0.07209634731660446,-0.072688,-22.600314
11.185,2.0,1.0,1.0,33.5,34.5,34.5,1.5,2.0,3.0575,-0.9762463997729843,0.012936815960578751,0.17508357208181358,0.06451765125863065,-0.071323,-23.635233
11.185,2.0,1.0,1.0,33.5,34.5,34.5,1.5,2.0,3.06,-0.9828297142828636,0.009518265626743034,0.13355240410496325,0.05769281647536006,-0.070974,-24.660935
11.185,2.0,1.0,1.0,33.5,34.5,34.5,1.5,2.0,3.0625,-0.987455899854201,0.00681910670583197,0.0928949300563331,0.051544133890895,-0.071379,-25.681061
11.185,2.0,1.0,1.0,33.5,34.5,34.5,1.5,2.0,3.065,-0.9902838164323159,0.004709497746844935,0.053079041192694125,0.04600198515919569,-0.072347,-26.699188
11.185,2.0,1.0,1.0,33.5,34.5,34.5,1.5,2.0,3.0675,-0.9914471656000163,0.0030849305706855605,0.014078911472971719,0.041004385953493434,-0.073733,-27.718881
11.185,2.0,1.0,1.0,33.5,34.5,34.5,1.5,2.0,3.07,-0.9910601518184796,0.0018606447823333193,-0.024125632773281953,0.03649632228838953,-0.075427,-28.743745
11.185,2.0,1.0,1.0,33.5,34.5,34.5,1.5,2.0,3.0725,-0.9892217568254253,0.0009674116409229278,-0.06154982560427642,0.03242902411663451,-0.077346,-29.777459
11.185,2.0,1.0,1.0,33.5,34.5,34.5,1.5,2.0,3.075,-0.9860189945049538,0.00034832127608540775,-0.09820467595341435,0.028759251206005226,-0.079426,-30.823811
11.185,2.0,1.0,1.0,33.5,34.5,34.5,1.5,2.0,3.0775,-0.9815294085474805,-4.368768849660077e-05,-0.134097643103365,0.025448627747421886,-0.081618,-31.8867
11.185,2.0,1.0,1.0,33.5,34.5,34.5,1.5,2.0,3.08,-0.9758230021273109,-0.00024774395819928926,-0.16923325467628322,0.02246304087356514,-0.083884,-32.970101
11.185,2.0,1.0,1.0,33.5,34.5,34.5,1.5,2.0,3.0825,-0.9689637374773838,-0.0002965413857463375,-0.20361366089111985,0.01977210677463895,-0.086192,-34.077964
11.185,2.0,1.0,1.0,33.5,34.5,34.5,1.5,2.0,3.085,-0.9610107068274939,-0.0002175189770484593,-0.2372391253402197,0.017348702140678105,-0.088519,-35.213978
11.185,2.0,1.0,1.0,33.5,34.5,34.5,1.5,2.0,3.0875,-0.9520190501056093,-3.379727139059965e-05,-0.2701084557949677,0.015168555818876694,-0.090848,-36.381094
11.185,2.0,1.0,1.0,33.5,34.5,34.5,1.5,2.0,3.09,-0.9420406759673721,0.00023507349157370376,-0.30221937998559323,0.013209894464440016,-0.093162,-37.580638
11.185,2.0,1.0,1.0,33.5,34.5,34.5,1.5,2.0,3.0925,-0.9311248289845088,0.0005725116817611189,-0.3335688717361191,0.011453135789180087,-0.09545,-38.810673
11.185,2.0,1.0,1.0,33.5,34.5,34.5,1.5,2.0,3.095,-0.9193185357175835,0.0009644173789492069,-0.36415343274233375,0.009880623318827072,-0.097703,-40.063133
11.185,2.0,1.0,1.0,33.5,34.5,34.5,1.5,2.0,3.0975,-0.9066669548978872,0.0013987760237904327,-0.3939693349291151,0.008476397099767054,-0.099913,-41.31909
11.185,2.0,1.0,1.0,33.5,34.5,34.5,1.5,2.0,3.1,-0.8932136513276313,0.0018653339429950718,-0.4230128278657362,0.007225995405004026,-0.102075,-42.541878
11.185,2.0,1.0,1.0,33.5,34.5,34.5,1.5,2.0,3.1025,-0.8790008088679925,0.0023553312600911396,-0.4512803152360137,0.006116283100247391,-0.104183,-43.669711
11.185,2.0,1.0,1.0,33.5,34.5,34.5,1.5,2.0,3.105,-0.8640693946565309,0.002861280879397453,-0.4787685038989342,0.00513530290484815,-0.106235,-44.614481
11.185,2.0,1.0,1.0,33.5,34.5,34.5,1.5,2.0,3.1075,-0.8484592842178426,0.0033767846568445677,-0.5054745286537295,0.004272146301450643,-0.108227,-45.279181
11.185,2.0,1.0,1.0,33.5,34.5,34.5,1.5,2.0,3.11,-0.8322093552134711,0.003896379736765348,-0.5313960554497708,0.0035168413073271153,-0.110158,-45.598792
11.185,2.0,1.0,1.0,33.5,34.5,34.5,1.5,2.0,3.1125,-0.8153575560805939,0.004415409477567326,-0.5565313654559261,0.0028602547204933985,-0.112025,-45.578826
11.185,2.0,1.0,1.0,33.5,34.5,34.5,1.5,2.0,3.115,-0.7979409546319003,0.004929914513413613,-0.5808794221229677,0.002294006799230014,-0.113828,-45.291997
11.185,2.0,1.0,1.0,33.5,34.5,34.5,1.5,2.0,3.1175,-0.7799957707549233,0.005436540379535388,-0.604439923132048,0.0018103966301795617,-0.115565,-44.836827
11.185,2.0,1.0,1.0,33.5,34.5,34.5,1.5,2.0,3.12,-0.7615573966026423,0.005932458822206981,-0.6272133389158565,0.00140233669378218,-0.117237,-44.299171
11.185,2.0,1.0,1.0,33.5,34.5,34.5,1.5,2.0,3.1225,-0.7426604070649778,0.006415300463332735,-0.6492009392628331,0.0010632953521513763,-0.118843,-43.737964
11.185,2.0,1.0,1.0,33.5,34.5,34.5,1.5,2.0,3.125,-0.723338562821599,0.00688309692624647,-0.670404809363216,0.000787246168890804,-0.120384,-43.187879
11.185,2.0,1.0,1.0,33.5,34.5,34.5,1.5,2.0,3.1275,-0.70362480787613,0.007334230878273719,-0.6908278565245255,0.0005686231274648486,-0.121859,-42.666882
11.185,2.0,1.0,1.0,33.5,34.5,34.5,1.5,2.0,3.13,-0.6835512631410589,0.0077673927256969,-0.7104738086705967,0.0004022809486183244,-0.123269,-42.182861
11.185,2.0,1.0,1.0,33.5,34.5,34.5,1.5,2.0,3.1325,-0.6631492173685032,0.008181542922412762,-0.7293472056380629,0.00028345982152515336,-0.124614,-41.738086
11.185,2.0,1.0,1.0,33.5,34.5,34.5,1.5,2.0,3.135,-0.6424491164922901,0.008575879036130432,-0.7474533841961214,0.00020775396078893425,-0.125896,-41.331879
11.185,2.0,1.0,1.0,33.5,34.5,34.5,1.5,2.0,3.1375,-0.6214805522538976,0.008949806864103588,-0.7647984576363687,0.00017108348466368588,-0.127116,-40.96214
11.185,2.0,1.0,1.0,33.5,34.5,34.5,1.5,2.0,3.14,-0.6002722508219598,0.00930291501099236,-0.7813892907081422,0.00016966918106513647,-0.128273,-40.626175
11.185,2.0,1.0,1.0,33.5,34.5,34.5,1.5,2.0,3.1425,-0.5788520619764149,0.00963495243997078,-0.7972334706102052,0.00020000978887841145,-0.129369,-40.321137
11.185,2.0,1.0,1.0,33.5,34.5,34.5,1.5,2.0,3.145,-0.557246949311043,0.009945808588836367,-0.8123392746897282,0.0002588614742906345,-0.130406,-40.044257
11.185,2.0,1.0,1.0,33.5,34.5,34.5,1.5,2.0,3.1475,-0.5354829818074369,0.010235495709094947,-0.8267156354446469,0.0003432192266635078,-0.131384,-39.792942
11.185,2.0,1.0,1.0,33.5,34.5,34.5,1.5,2.0,3.15,-0.5135853270480694,0.010504133140454666,-0.8403721033738398,0.00045029993688532814,-0.132304,-39.564822
11.185,2.0,1.0,1.0,33.5,34.5,34.5,1.5,2.0,3.1525,-0.4915782462628728,0.010751933278111248,-0.8533188081717469,0.000577526954141141,-0.133169,-39.357757
11.185,2.0,1.0,1.0,33.5,34.5,34.5,1.5,2.0,3.155,-0.4694850913414652,0.010979189027304888,-0.8655664187186894,0.0007225159453858289,-0.133978,-39.169828
11.185,2.0,1.0,1.0,33.5,34.5,34.5,1.5,2.0,3.1575,-0.4473283038904749,0.01118626257038354,-0.8771261022756428,0.0008830619061510091,-0.134733,-38.99932
11.185,2.0,1.0,1.0,33.5,34.5,34.5,1.5,2.0,3.16,-0.4251294163704032,0.01137357529711536,-0.8880094832520802,0.0010571271922365812,-0.135436,-38.844703
11.185,2.0,1.0,1.0,33.5,34.5,34.5,1.5,2.0,3.1625,-0.4029090553091807,0.011541598770192868,-0.8982286018775618,0.001242830459809271,-0.136089,-38.704611
11.185,2.0,1.0,1.0,33.5,34.5,34.5,1.5,2.0,3.165,-0.3806869465581262,0.011690846615546287,-0.9077958730719995,0.0014384364168583022,-0.136691,-38.577827
11.185,2.0,1.0,1.0,33.5,34.5,34.5,1.5,2.0,3.1675,-0.3584819225301804,0.011821867241856006,-0.9167240457759164,0.001642346302198873,-0.137245,-38.463258
11.185,2.0,1.0,1.0,33.5,34.5,34.5,1.5,2.0,3.17,-0.3363119313395905,0.011935237305988063,-0.9250261629701841,0.0018530890195758876,-0.137752,-38.359928
11.185,2.0,1.0,1.0,33.5,34.5,34.5,1.5,2.0,3.1725,-0.3141940477452424,0.012031555851486879,-0.932715522585193,0.002069312864150294,-0.138214,-38.26696
11.185,2.0,1.0,1.0,33.5,34.5,34.5,1.5,2.0,3.175,-0.29214448578724994,0.012111439055971755,-0.9398056394714652,0.002289777786983399,-0.138631,-38.183564
11.185,2.0,1.0,1.0,33.5,34.5,34.5,1.5,2.0,3.1775,-0.2701786129964423,0.012175515530701246,-0.9463102085779355,0.002513348150267207,-0.139006,-38.109026
11.185,2.0,1.0,1.0,33.5,34.5,34.5,1.5,2.0,3.18,-0.24831096604996863,0.012224422121822927,-0.9522430694599817,0.0027389859321342394,-0.139339,-38.042704
11.185,2.0,1.0,1.0,33.5,34.5,34.5,1.5,2.0,3.1825,-0.22655526774175985,0.012258800168189693,-0.9576181722170819,0.002965744345083749,-0.139632,-37.984013
11.185,2.0,1.0,1.0,33.5,34.5,34.5,1.5,2.0,3.185,-0.20492444513446084,0.012279292175201314,-0.962449544939556,0.003192761836491059,-0.139887,-37.932423
11.185,2.0,1.0,1.0,33.5,34.5,34.5,1.5,2.0,3.1875,-0.1834306487594525,0.012286538868078558,-0.9667512627249667,0.0034192564434442903,-0.140103,-37.88745
11.185,2.0,1.0,1.0,33.5,34.5,34.5,1.5,2.0,3.19,-0.1620852727325097,0.012281176591404477,-0.9705374183078027,0.0036445204773663323,-0.140284,-37.848654
11.185,2.0,1.0,1.0,33.5,34.5,34.5,1.5,2.0,3.1925,-0.14089897565568027,0.012263835024750565,-0.9738220943304715,0.003867915516611517,-0.14043,-37.815632
11.185,2.0,1.0,1.0,33.5,34.5,34.5,1.5,2.0,3.195,-0.11988170217942369,0.012235135186825837,-0.9766193372697517,0.0040888676875508395,-0.140542,-37.788013
11.185,2.0,1.0,1.0,33.5,34.5,34.5,1.5,2.0,3.1975,-0.09904270510376886,0.012195687702905769,-0.9789431330203613,0.0043068632166364095,-0.140622,-37.765459
11.185,2.0,1.0,1.0,33.5,34.5,34.5,1.5,2.0,3.2,-0.07839056790274075,0.012146091312359997,-0.9808073841261806,0.004521444237610309,-0.140671,-37.747657
11.185,2.0,1.0,1.0,33.5,34.5,34.5,1.5,2.0,3.2025,-0.05793322756192688,0.012086931594941473,-0.9822258886399944,0.004732204839458929,-0.14069,-37.734319
11.185,2.0,1.0,1.0,33.5,34.5,34.5,1.5,2.0,3.205,-0.03767799762565123,0.012018779896168697,-0.9832123205840297,0.004938787341926967,-0.140681,-37.725177
11.185,2.0,1.0,1.0,33.5,34.5,34.5,1.5,2.0,3.2075,-0.017631591356662812,0.011942192433645528,-0.9837802119762677,0.00514087878645001,-0.140644,-37.719987
11.185,2.0,1.0,1.0,33.5,34.5,34.5,1.5,2.0,3.21,0.002199855081997402,0.011857709567535357,-0.9839429363812503,0.0053382076312578795,-0.14058,-37.718519
11.185,2.0,1.0,1.0,33.5,34.5,34.5,1.5,2.0,3.2125,0.02181075950629766,0.01176585521967941,-0.9837136939388168,0.0055305406401658565,-0.140491,-37.720562
11.185,2.0,1.0,1.0,33.5,34.5,34.5,1.5,2.0,3.215,0.0411960707283923,0.011667136427006798,-0.9831054978199314,0.005717679955243629,-0.140378,-37.725917
11.185,2.0,1.0,1.0,33.5,34.5,34.5,1.5,2.0,3.2175,0.06035124578138585,0.011562043015969498,-0.9821311620552524,0.005899460344124774,-0.140242,-37.734401
11.185,2.0,1.0,1.0,33.5,34.5,34.5,1.5,2.0,3.22,0.07927222741504525,0.011451047385725069,-0.9808032906794253,0.006075746613237142,-0.140084,-37.745843
11.185,2.0,1.0,1.0,33.5,34.5,34.5,1.5,2.0,3.2225,0.0979554219190479,0.011334604388735861,-0.9791342681320587,0.006246431178678285,-0.139904,-37.760081
11.185,2.0,1.0,1.0,33.5,34.5,34.5,1.5,2.0,3.225,0.11639767732440914,0.011213151298304701,-0.9771362508550308,0.006411431786872149,-0.139705,-37.776966
11.185,2.0,1.0,1.0,33.5,34.5,34.5,1.5,2.0,3.2275,0.13459626202769098,0.011087107853390633,-0.9748211600249609,0.006570689377504022,-0.139486,-37.796358
11.185,2.0,1.0,1.0,33.5,34.5,34.5,1.5,2.0,3.23,0.1525488438767353,0.010956876371801772,-0.9722006753593474,0.006724166081563998,-0.139249,-37.818124
11.185,2.0,1.0,1.0,33.5,34.5,34.5,1.5,2.0,3.2325,0.170253469751608,0.010822841923569812,-0.9692862299351458,0.006871843347641524,-0.138995,-37.842141
11.185,2.0,1.0,1.0,33.5,34.5,34.5,1.5,2.0,3.235,0.18770854566903947,0.010685372556980809,-0.9660890059590033,0.0070137201898954425,-0.138724,-37.868291
11.185,2.0,1.0,1.0,33.5,34.5,34.5,1.5,2.0,3.2375,0.20491281743406237,0.010544819570351764,-0.9626199314293078,0.007149811551395666,-0.138437,-37.896466
11.185,2.0,1.0,1.0,33.5,34.5,34.5,1.5,2.0,3.24,0.22186535185817172,0.010401517823230368,-0.9588896776313757,0.007280146776790774,-0.138135,-37.926562
11.185,2.0,1.0,1.0,33.5,34.5,34.5,1.5,2.0,3.2425,0.23856551855894992,0.010255786081232213,-0.9549086574085333,0.007404768188495397,-0.13782,-37.958482
11.185,2.0,1.0,1.0,33.5,34.5,34.5,1.5,2.0,3.245,0.25501297235266174,0.01010792738924966,-0.9506870241534557,0.00752372976082883,-0.137491,-37.992132
11.185,2.0,1.0,1.0,33.5,34.5,34.5,1.5,2.0,3.2475,0.2712076362474536,0.009958229468226642,-0.9462346714659362,0.007637095886761893,-0.137149,-38.027427
11.185,2.0,1.0,1.0,33.5,34.5,34.5,1.5,2.0,3.25,0.287149685041968,0.00980696513114667,-0.941561233425198,0.00774494023214889,-0.136796,-38.064284
11.185,2.0,1.0,1.0,33.5,34.5,34.5,1.5,2.0,3.2525,0.3028395295309511,0.00965439271429165,-0.9366760854268585,0.007847344672531877,-0.136431,-38.102624
11.185,2.0,1.0,1.0,33.5,34.5,34.5,1.5,2.0,3.255,0.31827780131704564,0.009500756520209484,-0.9315883455368023,0.007944398307815534,-0.136056,-38.142374
11.185,2.0,1.0,1.0,33.5,34.5,34.5,1.5,2.0,3.2575,0.3334653382255283,0.009346287269184165,-0.9263068763163546,0.008036196550311873,-0.135671,-38.183463
11.185,2.0,1.0,1.0,33.5,34.5,34.5,1.5,2.0,3.26,0.3484031703165686,0.009191202556337874,-0.920840287075346,0.008122840281847123,-0.135276,-38.225826
11.185,2.0,1.0,1.0,33.5,34.5,34.5,1.5,2.0,3.2625,0.3630925064878917,0.00903570731179165,-0.9151969365118445,0.00820443507582196,-0.134873,-38.269398
11.185,2.0,1.0,1.0,33.5,34.5,34.5,1.5,2.0,3.265,0.3775347216588967,0.008879994261600082,-0.9093849356995637,0.008281090480298195,-0.134462,-38.314119
11.185,2.0,1.0,1.0,33.5,34.5,34.5,1.5,2.0,3.2675,0.391731344525985,0.008724244387433753,-0.9034121513860957,0.008352919358370027,-0.134043,-38.359932
11.185,2.0,1.0,1.0,33.5,34.5,34.5,1.5,2.0,3.27,0.40568404587761236,0.008568627383217793,-0.8972862095672373,0.008420037282255112,-0.133617,-38.406783
11.185,2.0,1.0,1.0,33.5,34.5,34.5,1.5,2.0,3.2725,0.41939462745638,0.008413302107164698,-0.891014499304871,0.008482561977712706,-0.133184,-38.454619
11.185,2.0,1.0,1.0,33.5,34.5,34.5,1.5,2.0,3.275,0.43286501135482125,0.008258417027832178,-0.8846041767578067,0.008540612815565332,-0.132745,-38.503391
11.185,2.0,1.0,1.0,33.5,34.5,34.5,1.5,2.0,3.2775,0.4460972299305922,0.008104110663026942,-0.8780621693970281,0.008594310347261547,-0.132301,-38.553051
11.185,2.0,1.0,1.0,33.5,34.5,34.5,1.5,2.0,3.28,0.4590934162262979,0.007950512010539819,-0.8713951803787311,0.008643775881575022,-0.131851,-38.603554
11.185,2.0,1.0,1.0,33.5,34.5,34.5,1.5,2.0,3.2825,0.47185579487876667,0.007797740969856424,-0.8646096930503581,0.008689131099689171,-0.131397,-38.654858
11.185,2.0,1.0,1.0,33.5,34.5,34.5,1.5,2.0,3.285,0.4843866735020452,0.007645908754119346,-0.8577119755666344,0.008730497706060589,-0.130938,-38.70692
11.185,2.0,1.0,1.0,33.5,34.5,34.5,1.5,2.0,3.2875,0.49668843452841627,0.007495118291753551,-0.8507080855943147,0.008767997112598942,-0.130476,-38.759702
11.185,2.0,1.0,1.0,33.5,34.5,34.5,1.5,2.0,3.29,0.508763527491351,0.007345464617270832,-0.8436038750860364,0.00880175015383548,-0.13001,-38.813165
11.185,2.0,1.0,1.0,33.5,34.5,34.5,1.5,2.0,3.2925,0.5206144617344161,0.0071970352508820105,-0.8364049951050875,0.008831876830884341,-0.12954,-38.867274
11.185,2.0,1.0,1.0,33.5,34.5,34.5,1.5,2.0,3.295,0.5322437995300979,0.007049910566627682,-0.8291169006845757,0.008858496082126438,-0.129068,-38.921994
11.185,2.0,1.0,1.0,33.5,34.5,34.5,1.5,2.0,3.2975,0.5436541495925883,0.006904164148832759,-0.8217448557057018,0.00888172557866579,-0.128593,-38.977292
11.185,2.0,1.0,1.0,33.5,34.5,34.5,1.5,2.0,3.3,0.5548481609688103,0.006759863136752128,-0.8142939377812807,0.008901681542722998,-0.128116,-39.033135
11.185,2.0,1.0,1.0,33.5,34.5,34.5,1.5,2.0,3.3025,0.5658285172919928,0.006617068557348844,-0.8067690431318773,0.00891847858724351,-0.127637,-39.089494
11.185,2.0,1.0,1.0,33.5,34.5,34.5,1.5,2.0,3.305,0.5765979313825473,0.00647583564620254,-0.7991748914430277,0.008932229575098236,-0.127156,-39.146339
11.185,2.0,1.0,1.0,33.5,34.5,34.5,1.5,2.0,3.3075,0.5871591401811146,0.006336214156592936,-0.7915160306932796,0.008943045496360267,-0.126674,-39.203642
11.185,2.0,1.0,1.0,33.5,34.5,34.5,1.5,2.0,3.31,0.5975148999990578,0.006198248656853747,-0.7837968419436512,0.008951035362231245,-0.126191,-39.261376
11.185,2.0,1.0,1.0,33.5,34.5,34.5,1.5,2.0,3.3125,0.6076679820720085,0.006061978816128405,-0.7760215440801714,0.00895630611428608,-0.125707,-39.319515
11.185,2.0,1.0,1.0,33.5,34.5,34.5,1.5,2.0,3.315,0.6176211684023891,0.005927439678693219,-0.7681941985020865,0.008958962547786775,-0.125222,-39.378034
11.185,2.0,1.0,1.0,33.5,34.5,34.5,1.5,2.0,3.3175,0.6273772478773062,0.00579466192704191,-0.7603187137490739,0.008959107247901547,-0.124737,-39.43691
11.185,2.0,1.0,1.0,33.5,34.5,34.5,1.5,2.0,3.32,0.6369390126485192,0.005663672133952941,-0.7523988500616893,0.008956840537738636,-0.124252,-39.496118
11.185,2.0,1.0,1.0,33.5,34.5,34.5,1.5,2.0,3.3225,0.6463092547616532,0.005534493003777182,-0.7444382238699369,0.008952260437180656,-0.123767,-39.555638
11.185,2.0,1.0,1.0,33.5,34.5,34.5,1.5,2.0,3.325,0.6554907630222564,0.005407143603206922,-0.7364403122055285,0.00894546263157241,-0.123282,-39.615448
11.185,2.0,1.0,1.0,33.5,34.5,34.5,1.5,2.0,3.3275,0.6644863200866312,0.005281639581792343,-0.7284084570340752,0.008936540449381792,-0.122797,-39.675526
11.185,2.0,1.0,1.0,33.5,34.5,34.5,1.5,2.0,3.33,0.6732986997659728,0.005157993382492661,-0.7203458695039655,0.008925584848011906,-0.122313,-39.735854
11.185,2.0,1.0,1.0,33.5,34.5,34.5,1.5,2.0,3.3325,0.68193066453255,0.005036214442550095,-0.7122556341092714,0.008912684407005017,-0.12183,-39.796412
11.185,2.0,1.0,1.0,33.5,34.5,34.5,1.5,2.0,3.335,0.6903849632172769,0.004916309384984669,-0.7041407127644381,0.008897925327929096,-0.121347,-39.857182
11.185,2.0,1.0,1.0,33.5,34.5,34.5,1.5,2.0,3.3375,0.6986643288883572,0.00479828220100891,-0.696003948789067,0.008881391440291877,-0.120866,-39.918146
11.185,2.0,1.0,1.0,33.5,34.5,34.5,1.5,2.0,3.34,0.706771476901081,0.004682134423669393,-0.6878480708014039,0.008863164212873996,-0.120385,-39.979287
11.185,2.0,1.0,1.0,33.5,34.5,34.5,1.5,2.0,3.3425,0.7147091031093578,0.00456786529301594,-0.6796756965195597,0.008843322769918158,-0.119907,-40.040589
11.185,2.0,1.0,1.0,33.5,34.5,34.5,1.5,2.0,3.345,0.7224798822298282,0.004455471913102994,-0.6714893364698795,0.008821943911655005,-0.119429,-40.102036
11.185,2.0,1.0,1.0,33.5,34.5,34.5,1.5,2.0,3.3475,0.7300864663499673,0.004344949401124415,-0.6632913976020826,0.00879910213868362,-0.118953,-40.163612
11.185,2.0,1.0,1.0,33.5,34.5,34.5,1.5,2.0,3.35,0.7375314835717948,0.004236291028981107,-0.6550841868111549,0.008774869679764194,-0.118479,-40.225302
11.185,2.0,1.0,1.0,33.5,34.5,34.5,1.5,2.0,3.3525,0.7448175367833039,0.004129488357572807,-0.6468699143662143,0.008749316522613668,-0.118006,-40.287092
11.185,2.0,1.0,1.0,33.5,34.5,34.5,1.5,2.0,3.355,0.7519472025500886,0.004024531364108074,-0.6386506972467438,0.008722510447328167,-0.117536,-40.348969
11.185,2.0,1.0,1.0,33.5,34.5,34.5,1.5,2.0,3.3575,0.758923030119904,0.00392140856271221,-0.6304285623868877,0.008694517062086163,-0.117067,-40.410919
11.185,2.0,1.0,1.0,33.5,34.5,34.5,1.5,2.0,3.36,0.7657475405333269,0.0038201071186138766,-0.6222054498285376,0.008665399840814882,-0.116601,-40.472929
11.185,2.0,1.0,1.0,33.5,34.5,34.5,1.5,2.0,3.3625,0.7724232258340017,0.003720612956181978,-0.6139832157843123,0.008635220162528746,-0.116136,-40.534987
11.185,2.0,1.0,1.0,33.5,34.5,34.5,1.5,2.0,3.365,0.7789525483722393,0.0036229108610758955,-0.6057636356114088,0.008604037352073265,-0.115674,-40.59708
11.185,2.0,1.0,1.0,33.5,34.5,34.5,1.5,2.0,3.3675,0.7853379401960854,0.0035269845767695778,-0.5975484066976872,0.008571908722029904,-0.115214,-40.659197
11.185,2.0,1.0,1.0,33.5,34.5,34.5,1.5,2.0,3.37,0.7915818025242393,0.0034328168956964497,-0.589339151261278,0.008538889615560485,-0.114757,-40.721327
11.185,2.0,1.0,1.0,33.5,34.5,34.5,1.5,2.0,3.3725,0.7976865052955556,0.003340389745261244,-0.5811374190651564,0.00850503344998754,-0.114301,-40.783458
11.185,2.0,1.0,1.0,33.5,34.5,34.5,1.5,2.0,3.375,0.803654386790004,0.00324968426895049,-0.572944690048253,0.00847039176092603,-0.113849,-40.84558
11.185,2.0,1.0,1.0,33.5,34.5,34.5,1.5,2.0,3.3775,0.8094877533164084,0.0031606809027716395,-0.5647623768746446,0.00843501424680021,-0.113399,-40.907684
11.185,2.0,1.0,1.0,33.5,34.5,34.5,1.5,2.0,3.38,0.8151888789623772,0.003073359447239387,-0.5565918274025082,0.00839894881359226,-0.112951,-40.969758
11.185,2.0,1.0,1.0,33.5,34.5,34.5,1.5,2.0,3.3825,0.8207600054021542,0.00298769913512013,-0.5484343270745324,0.008362241619687155,-0.112506,-41.031794
11.185,2.0,1.0,1.0,33.5,34.5,34.5,1.5,2.0,3.385,0.8262033417583926,0.002903678695140093,-0.5402911012314928,0.008324937120689494,-0.112064,-41.093782
11.185,2.0,1.0,1.0,33.5,34.5,34.5,1.5,2.0,3.3875,0.8315210645139441,0.002821276411852302,-0.5321633173508001,0.00828707811410111,-0.111624,-41.155713
11.185,2.0,1.0,1.0,33.5,34.5,34.5,1.5,2.0,3.39,0.8367153174701151,0.002740470181852294,-0.5240520872117508,0.008248705783760546,-0.111187,-41.217579
11.185,2.0,1.0,1.0,33.5,34.5,34.5,1.5,2.0,3.3925,0.8417882117479645,0.0026612375665234613,-0.5159584689893243,0.008209859743954894,-0.110753,-41.279371
11.185,2.0,1.0,1.0,33.5,34.5,34.5,1.5,2.0,3.395,0.846741825829389,0.002583555841486093,-0.5078834692783053,0.008170578083125508,-0.110322,-41.341081
11.185,2.0,1.0,1.0,33.5,34.5,34.5,1.5,2.0,3.3975,0.8515782056350145,0.0025074020429177333,-0.4998280450495188,0.008130897407096995,-0.109894,-41.402701
11.185,2.0,1.0,1.0,33.5,34.5,34.5,1.5,2.0,3.4,0.8562993646359908,0.0024327530109044095,-0.49179310554003774,0.008090852881768302,-0.109468,-41.464223
11.185,2.0,1.0,1.0,33.5,34.5,34.5,1.5,2.0,3.4025,0.8609072839970243,0.0023595854299766255,-0.4837795140790778,0.008050478275211204,-0.109045,-41.52564
11.185,2.0,1.0,1.0,33.5,34.5,34.5,1.5,2.0,3.405,0.8654039127480829,0.0022878758669760144,-0.47578808985143484,0.00800980599913,-0.108626,-41.586945
11.185,2.0,1.0,1.0,33.5,34.5,34.5,1.5,2.0,3.4075,0.8697911679824303,0.002217600806394308,-0.46781960960016333,0.007968867149640303,-0.108209,-41.648131
11.185,2.0,1.0,1.0,33.5,34.5,34.5,1.5,2.0,3.41,0.8740709350787028,0.0021487366833165744,-0.459874809270294,0.007927691547334269,-0.107795,-41.709191
11.185,2.0,1.0,1.0,33.5,34.5,34.5,1.5,2.0,3.4125,0.8782450679449525,0.002081259914099475,-0.4519543855952879,0.007886307776600343,-0.107384,-41.770119
11.185,2.0,1.0,1.0,33.5,34.5,34.5,1.5,2.0,3.415,0.8823153892826843,0.002015146924903789,-0.44405899762791,0.007844743224175239,-0.106976,-41.830908
11.185,2.0,1.0,1.0,33.5,34.5,34.5,1.5,2.0,3.4175,0.8862836908689748,0.0019503741782012903,-0.4361892682172427,0.007803024116906874,-0.106571,-41.891552
11.185,2.0,1.0,1.0,33.5,34.5,34.5,1.5,2.0,3.42,0.8901517338550278,0.001886918197363159,-0.42834578543341556,0.007761175558712383,-0.106168,-41.952045
11.185,2.0,1.0,1.0,33.5,34.5,34.5,1.5,2.0,3.4225,0.8939212490794545,0.0018247555894385825,-0.42052910394173354,0.007719221566719853,-0.105769,-42.012381
11.185,2.0,1.0,1.0,33.5,34.5,34.5,1.5,2.0,3.425,0.8975939373947752,0.001763863066225271,-0.4127397463277346,0.0076771851065834795,-0.105373,-42.072555
11.185,2.0,1.0,1.0,33.5,34.5,34.5,1.5,2.0,3.4275,0.9011714700057367,0.001704217463723904,-0.4049782043747373,0.007635088126967602,-0.10498,-42.132562
11.185,2.0,1.0,1.0,33.5,34.5,34.5,1.5,2.0,3.43,0.9046554888180789,0.0016457957600718672,-0.39724494029541774,0.0075929515931959166,-0.104589,-42.192396
11.185,2.0,1.0,1.0,33.5,34.5,34.5,1.5,2.0,3.4325,0.908047606796519,0.0015885750920422185,-0.3895403879188551,0.007550795520064907,-0.104202,-42.252051
11.185,2.0,1.0,1.0,33.5,34.5,34.5,1.5,2.0,3.435,0.9113494083307863,0.0015325327701879673,-0.38186495383454205,0.007508639003823664,-0.103818,-42.311524
11.185,2.0,1.0,1.0,33.5,34.5,34.5,1.5,2.0,3.4375,0.9145624496086033,0.001477646292714561,-0.3742190184947181,0.007466500253323638,-0.103436,-42.37081
11.185,2.0,1.0,1.0,33.5,34.5,34.5,1.5,2.0,3.44,0.9176882589946372,0.0014238933581515937,-0.366602937276451,0.007424396620343096,-0.103058,-42.429903
11.185,2.0,1.0,1.0,33.5,34.5,34.5,1.5,2.0,3.4425,0.9207283374144264,0.0013712518768957186,-0.35901704150478037,0.007382344629093886,-0.102682,-42.4888
11.185,2.0,1.0,1.0,33.5,34.5,34.5,1.5,2.0,3.445,0.9236841587424562,0.001319699981692219,-0.3514616394382252,0.007340360004918125,-0.102309,-42.547495
11.185,2.0,1.0,1.0,33.5,34.5,34.5,1.5,2.0,3.4475,0.9265571701935175,0.0012692160371193648,-0.3439370172179566,0.0072984577021855054,-0.10194,-42.605986
11.185,2.0,1.0,1.0,33.5,34.5,34.5,1.5,2.0,3.45,0.9293487927166322,0.001219778648134272,-0.3364434397818246,0.007256651931400091,-0.101573,-42.664267
11.185,2.0,1.0,1.0,33.5,34.5,34.5,1.5,2.0,3.4525,0.9320604213908267,0.0011713666677398774,-0.3289811517444867,0.007214956185530447,-0.101209,-42.722336
11.185,2.0,1.0,1.0,33.5,34.5,34.5,1.5,2.0,3.455,0.934693425822084,0.0011239592038250889,-0.3215503782447857,0.007173383265573307,-0.100848,-42.780187
11.185,2.0,1.0,1.0,33.5,34.5,34.5,1.5,2.0,3.4575,0.9372491505408986,0.0010775356252320021,-0.31415132576148175,0.007131945305365441,-0.10049,-42.837818
11.185,2.0,1.0,1.0,33.5,34.5,34.5,1.5,2.0,3.46,0.9397289153998657,0.00103207556709574,-0.3067841828985009,0.007090653795656881,-0.100134,-42.895226
11.185,2.0,1.0,1.0,33.5,34.5,34.5,1.5,2.0,3.4625,0.9421340159707972,0.0009875589355065647,-0.29944912114069694,0.007049519607459257,-0.099782,-42.952405
11.185,2.0,1.0,1.0,33.5,34.5,34.5,1.5,2.0,3.465,0.9444657239408565,0.0009439659115353028,-0.29214629558120914,0.00700855301468503,-0.099432,-43.009354
11.185,2.0,1.0,1.0,33.5,34.5,34.5,1.5,2.0,3.4675,0.9467252875073483,0.0009012769546635691,-0.28487584562140505,0.006967763716091123,-0.099086,-43.06607
11.185,2.0,1.0,1.0,33.5,34.5,34.5,1.5,2.0,3.47,0.9489139317706884,0.0008594728056598914,-0.2776378956443556,0.0069271608565433535,-0.098741,-43.122548
11.185,2.0,1.0,1.0,33.5,34.5,34.5,1.5,2.0,3.4725,0.9510328591252142,0.0008185344889357307,-0.2704325556628235,0.006886753047616366,-0.0984,-43.178787
11.185,2.0,1.0,1.0,33.5,34.5,34.5,1.5,2.0,3.475,0.953083249647548,0.0007784433144183485,-0.26325992194263315,0.006846548387544747,-0.098062,-43.234783
11.185,2.0,1.0,1.0,33.5,34.5,34.5,1.5,2.0,3.4775,0.9550662614820943,0.000739180878972596,-0.25612007760234146,0.00680655448054115,-0.097726,-43.290534
11.185,2.0,1.0,1.0,33.5,34.5,34.5,1.5,2.0,3.48,0.9569830312235331,0.0007007290674026921,-0.24901309319002596,0.006766778455496467,-0.097393,-43.346037
11.185,2.0,1.0,1.0,33.5,34.5,34.5,1.5,2.0,3.4825,0.9588346742959322,0.0006630700530634977,-0.2419390272380362,0.006727226984078646,-0.097063,-43.40129
11.185,2.0,1.0,1.0,33.5,34.5,34.5,1.5,2.0,3.485,0.9606222853283376,0.00062618629810855,-0.23489792679650898,0.006687906298244346,-0.096735,-43.45629
11.185,2.0,1.0,1.0,33.5,34.5,34.5,1.5,2.0,3.4875,0.9623469385265851,0.0005900605534023944,-0.22788982794638932,0.0066488222071800955,-0.09641,-43.511035
11.185,2.0,1.0,1.0,33.5,34.5,34.5,1.5,2.0,3.49,0.96400968804117,0.0005546758581189184,-0.22091475629274224,0.006609980113687962,-0.096087,-43.565522
11.185,2.0,1.0,1.0,33.5,34.5,34.5,1.5,2.0,3.4925,0.9656115683310068,0.0005200155390520874,-0.21397272743903273,0.00657138503003017,-0.095768,-43.619751
11.185,2.0,1.0,1.0,33.5,34.5,34.5,1.5,2.0,3.495,0.9671535945229234,0.0004860632096591617,-0.20706374744309908,0.006533041593248888,-0.095451,-43.673718
11.185,2.0,1.0,1.0,33.5,34.5,34.5,1.5,2.0,3.4975,0.9686367627667791,0.00045280276885644886,-0.200187813255489,0.006494954079975163,-0.095136,-43.727421
11.185,2.0,1.0,1.0,33.5,34.5,34.5,1.5,2.0,3.5,0.970062050586074,0.000420218399589317,-0.193344913140772,0.00645712642074178,-0.094824,-43.78086
