1,w,sub_t,h,l1,l2,l3,g1,g2,Freq,S11_re,S21_re,S11_img,S21_img,S11_dB,S21_dB
11.185,2.0,1.0,1.0,34.2,34.9,34.9,4.2,1.9,2.5,0.751949147322616,-0.0126818153746161,0.646816137100634,0.00708052976701504,-0.070938,-36.757951
11.185,2.0,1.0,1.0,34.2,34.9,34.9,4.2,1.9,2.5025,0.7469062923729759,-0.01295378053919343,0.6524766673962737,0.0070915166512285225,-0.071838,-36.613642
11.185,2.0,1.0,1.0,34.2,34.9,34.9,4.2,1.9,2.505,0.7417926196060968,-0.013232186028933828,0.6581259422245666,0.0071007611012011826,-0.07276,-36.468312
11.185,2.0,1.0,1.0,34.2,34.9,34.9,4.2,1.9,2.5075,0.7366073043425758,-0.013517242199608119,0.6637633914190729,0.007108173954923816,-0.073704,-36.321933
11.185,2.0,1.0,1.0,34.2,34.9,34.9,4.2,1.9,2.51,0.7313495051089521,-0.013809168972110245,0.6693884266724882,0.007113661140113026,-0.074673,-36.174475
11.185,2.0,1.0,1.0,34.2,34.9,34.9,4.2,1.9,2.5125,0.7260183630566486,-0.014108196391061159,0.675000440839413,0.007117123343749941,-0.075666,-36.025908
11.185,2.0,1.0,1.0,34.2,34.9,34.9,4.2,1.9,2.515,0.7206130013448143,-0.01441456522308956,0.6805988072026493,0.007118455654863909,-0.076684,-35.876199
11.185,2.0,1.0,1.0,34.2,34.9,34.9,4.2,1.9,2.5175,0.7151325244839996,-0.014728527598096291,0.6861828787002348,0.007117547178020452,-0.077729,-35.725317
11.185,2.0,1.0,1.0,34.2,34.9,34.9,4.2,1.9,2.52,0.7095760176372482,-0.015050347697127021,0.6917519871101747,0.007114280614695861,-0.078801,-35.573228
11.185,2.0,1.0,1.0,34.2,34.9,34.9,4.2,1.9,2.5225,0.7039425458748951,-0.015380302490825701,0.6973054421894794,0.007108531809410667,-0.079902,-35.419896
11.185,2.0,1.0,1.0,34.2,34.9,34.9,4.2,1.9,2.525,0.6982311533789359,-0.015718682532831922,0.702842530763803,0.007100169257144192,-0.081033,-35.265285
11.185,2.0,1.0,1.0,34.2,34.9,34.9,4.2,1.9,2.5275,0.6924408625924429,-0.016065792812914616,0.7083625157635582,0.007089053568159475,-0.082195,-35.109358
11.185,2.0,1.0,1.0,34.2,34.9,34.9,4.2,1.9,2.53,0.6865706733090224,-0.01642195367511378,0.7138646352019318,0.007075036885924196,-0.08339,-34.952075
11.185,2.0,1.0,1.0,34.2,34.9,34.9,4.2,1.9,2.5325,0.6806195616967915,-0.016787501806695512,0.7193481010897402,0.007057962253312114,-0.084618,-34.793396
11.185,2.0,1.0,1.0,34.2,34.9,34.9,4.2,1.9,2.535,0.6745864792507521,-0.017162791304318532,0.7248120982814832,0.007037662921703001,-0.085881,-34.633278
11.185,2.0,1.0,1.0,34.2,34.9,34.9,4.2,1.9,2.5375,0.6684703516668197,-0.017548194824472355,0.7302557832463041,0.007013961596957438,-0.08718,-34.471678
11.185,2.0,1.0,1.0,34.2,34.9,34.9,4.2,1.9,2.54,0.662270077630002,-0.017944104825986976,0.7356782827568499,0.0069866696155142195,-0.088518,-34.308551
11.185,2.0,1.0,1.0,34.2,34.9,34.9,4.2,1.9,2.5425,0.655984527508429,-0.01835093491323974,0.7410786924881873,0.006955586043030945,-0.089896,-34.143848
11.185,2.0,1.0,1.0,34.2,34.9,34.9,4.2,1.9,2.545,0.6496125419440116,-0.018769121289609846,0.7464560755179817,0.006920496687045944,-0.091316,-33.97752
11.185,2.0,1.0,1.0,34.2,34.9,34.9,4.2,1.9,2.5475,0.6431529303294939,-0.01919912433176688,0.7518094607180759,0.006881173014065767,-0.09278,-33.809516
11.185,2.0,1.0,1.0,34.2,34.9,34.9,4.2,1.9,2.55,0.6366044691604783,-0.019641430296544297,0.7571378410263939,0.006837370960254972,-0.09429,-33.639783
11.185,2.0,1.0,1.0,34.2,34.9,34.9,4.2,1.9,2.5525,0.6299659002497597,-0.020096553173452155,0.7624401715866479,0.0067888296235009155,-0.095848,-33.468264
11.185,2.0,1.0,1.0,34.2,34.9,34.9,4.2,1.9,2.555,0.6232359287897876,-0.020565036697356716,0.7677153677417724,0.006735269823016,-0.097456,-33.294901
11.185,2.0,1.0,1.0,34.2,34.9,34.9,4.2,1.9,2.5575,0.6164132212474623,-0.02104745653750775,0.7729623028651201,0.006676392510790217,-0.099117,-33.119633
11.185,2.0,1.0,1.0,34.2,34.9,34.9,4.2,1.9,2.56,0.6094964030736096,-0.021544422680962662,0.7781798060113451,0.006611877017078447,-0.100834,-32.942397
11.185,2.0,1.0,1.0,34.2,34.9,34.9,4.2,1.9,2.5625,0.602484056207364,-0.0220565820305662,0.783366659366445,0.00654137910965151,-0.102609,-32.763125
11.185,2.0,1.0,1.0,34.2,34.9,34.9,4.2,1.9,2.565,0.5953747163533109,-0.022584621240031025,0.788521595473605,0.006464528843703025,-0.104446,-32.581748
11.185,2.0,1.0,1.0,34.2,34.9,34.9,4.2,1.9,2.5675,0.5881668700065589,-0.023129269811365302,0.7936432942081927,0.006380928176018244,-0.106348,-32.398193
11.185,2.0,1.0,1.0,34.2,34.9,34.9,4.2,1.9,2.57,0.5808589511978254,-0.02369130348296094,0.7987303794714715,0.00629014831319705,-0.108318,-32.212384
11.185,2.0,1.0,1.0,34.2,34.9,34.9,4.2,1.9,2.5725,0.5734493379271457,-0.024271547940136442,0.8037814155681468,0.006191726759286761,-0.110361,-32.02424
11.185,2.0,1.0,1.0,34.2,34.9,34.9,4.2,1.9,2.575,0.5659363482508648,-0.024870882883889053,0.8087949032277139,0.006085164023006926,-0.11248,-31.833677
11.185,2.0,1.0,1.0,34.2,34.9,34.9,4.2,1.9,2.5775,0.558318235982034,-0.02549024649812151,0.8137692752235406,0.005969919938702315,-0.114679,-31.640606
11.185,2.0,1.0,1.0,34.2,34.9,34.9,4.2,1.9,2.58,0.5505931859591985,-0.02613064036075401,0.8187028915365391,0.005845409548075357,-0.116965,-31.444935
11.185,2.0,1.0,1.0,34.2,34.9,34.9,4.2,1.9,2.5825,0.542759308832648,-0.026793134850010083,0.8235940340019978,0.0057109984814275455,-0.119341,-31.246565
11.185,2.0,1.0,1.0,34.2,34.9,34.9,4.2,1.9,2.585,0.5348146353104769,-0.02747887510388562,0.8284409003683463,0.005565997767338241,-0.121814,-31.045394
11.185,2.0,1.0,1.0,34.2,34.9,34.9,4.2,1.9,2.5875,0.5267571097990603,-0.028189087598512047,0.8332415976850917,0.0054096579881346375,-0.124389,-30.841313
11.185,2.0,1.0,1.0,34.2,34.9,34.9,4.2,1.9,2.59,0.518584583363692,-0.028925087419951593,0.8379941349234808,0.005241162684800313,-0.127074,-30.634207
11.185,2.0,1.0,1.0,34.2,34.9,34.9,4.2,1.9,2.5925,0.5102948059249253,-0.029688286314106017,0.8426964147172084,0.005059620898690544,-0.129874,-30.423955
11.185,2.0,1.0,1.0,34.2,34.9,34.9,4.2,1.9,2.595,0.5018854175944755,-0.030480201611071994,0.8473462240911276,0.004864058718032589,-0.132799,-30.21043
11.185,2.0,1.0,1.0,34.2,34.9,34.9,4.2,1.9,2.5975,0.49335393904098607,-0.03130246613369722,0.8519412240228239,0.004653409674019705,-0.135857,-29.993497
11.185,2.0,1.0,1.0,34.2,34.9,34.9,4.2,1.9,2.6,0.4846977607604697,-0.032156839215542396,0.8564789376541823,0.004426503803537929,-0.139057,-29.773011
11.185,2.0,1.0,1.0,34.2,34.9,34.9,4.2,1.9,2.6025,0.47591413110825825,-0.0330452189712745,0.8609567369367406,0.004182055162169205,-0.14241,-29.548821
11.185,2.0,1.0,1.0,34.2,34.9,34.9,4.2,1.9,2.605,0.4670001429285772,-0.03396965598307578,0.8653718274544497,0.00391864753081727,-0.145926,-29.320765
11.185,2.0,1.0,1.0,34.2,34.9,34.9,4.2,1.9,2.6075,0.4579527185939758,-0.03493236859037638,0.8697212311186836,0.0036347180105104028,-0.149619,-29.088673
11.185,2.0,1.0,1.0,34.2,34.9,34.9,4.2,1.9,2.61,0.44876859323919244,-0.0359357599976023,0.8740017663712256,0.0033285381406368943,-0.153501,-28.852363
11.185,2.0,1.0,1.0,34.2,34.9,34.9,4.2,1.9,2.6125,0.4394442959421643,-0.03698243744622642,0.8782100254586958,0.0029981921035359994,-0.157589,-28.611639
11.185,2.0,1.0,1.0,34.2,34.9,34.9,4.2,1.9,2.615,0.4299761285680895,-0.038075233733827554,0.8823423482534718,0.0026415514897900776,-0.1619,-28.366295
11.185,2.0,1.0,1.0,34.2,34.9,34.9,4.2,1.9,2.6175,0.42036014195011234,-0.03921723140477896,0.8863947919873989,0.0022562459896551625,-0.166451,-28.11611
11.185,2.0,1.0,1.0,34.2,34.9,34.9,4.2,1.9,2.62,0.4105921090314792,-0.040411789985309254,0.8903630961303193,0.0018396292416057744,-0.171265,-27.860848
11.185,2.0,1.0,1.0,34.2,34.9,34.9,4.2,1.9,2.6225,0.40066749453829065,-0.041662576690716706,0.8942426414789381,0.0013887389022384346,-0.176363,-27.600255
11.185,2.0,1.0,1.0,34.2,34.9,34.9,4.2,1.9,2.625,0.390581420688495,-0.0429736010951236,0.898028402314113,0.000900249794113597,-0.181774,-27.33406
11.185,2.0,1.0,1.0,34.2,34.9,34.9,4.2,1.9,2.6275,0.3803286283709589,-0.04434925432482802,0.9017148902250913,0.0003704187282587645,-0.187526,-27.061971
11.185,2.0,1.0,1.0,34.2,34.9,34.9,4.2,1.9,2.63,0.36990343314822305,-0.045794353415168174,0.9052960878728183,-0.0002049807286563774,-0.193652,-26.783674
11.185,2.0,1.0,1.0,34.2,34.9,34.9,4.2,1.9,2.6325,0.35929967534819623,-0.04731419155738737,0.90876537055194,-0.000830735685285678,-0.20019,-26.498833
11.185,2.0,1.0,1.0,34.2,34.9,34.9,4.2,1.9,2.635,0.34851066341509035,-0.04891459505467005,0.9121154128872341,-0.0015122862218254834,-0.207184,-26.207082
11.185,2.0,1.0,1.0,34.2,34.9,34.9,4.2,1.9,2.6375,0.33752910959168264,-0.050601987901878635,0.9153380773311109,-0.002255835888020909,-0.214681,-25.908026
11.185,2.0,1.0,1.0,34.2,34.9,34.9,4.2,1.9,2.64,0.3263470569096541,-0.05238346499511368,0.9184242802698327,-0.0030684845988945306,-0.222739,-25.601239
11.185,2.0,1.0,1.0,34.2,34.9,34.9,4.2,1.9,2.6425,0.31495579638353766,-0.05426687505367702,0.9213638304368482,-0.003958389233655355,-0.23142,-25.286258
11.185,2.0,1.0,1.0,34.2,34.9,34.9,4.2,1.9,2.645,0.30334577325542045,-0.0562609143791611,0.924145232891015,-0.004934958684030143,-0.240799,-24.962577
11.185,2.0,1.0,1.0,34.2,34.9,34.9,4.2,1.9,2.6475,0.2915064811533874,-0.058375232552402435,0.9267554499352649,-0.006009091980349894,-0.250962,-24.62965
11.185,2.0,1.0,1.0,34.2,34.9,34.9,4.2,1.9,2.65,0.279426343157992,-0.06062055102701146,0.9291796078771218,-0.007193470597266789,-0.26201,-24.286875
11.185,2.0,1.0,1.0,34.2,34.9,34.9,4.2,1.9,2.6525,0.2670925791011963,-0.06300879523391296,0.931400635259982,-0.00850291931192481,-0.274058,-23.933599
11.185,2.0,1.0,1.0,34.2,34.9,34.9,4.2,1.9,2.655,0.2544910590857508,-0.06555324012881857,0.9333988138388711,-0.009954854339773486,-0.287246,-23.569101
11.185,2.0,1.0,1.0,34.2,34.9,34.9,4.2,1.9,2.6575,0.24160614442826173,-0.06826866787405256,0.9351512177418111,-0.011569843300398083,-0.301736,-23.192592
11.185,2.0,1.0,1.0,34.2,34.9,34.9,4.2,1.9,2.66,0.2284205193489597,-0.0711715341921814,0.936631008399638,-0.013372309414851357,-0.317723,-22.803203
11.185,2.0,1.0,1.0,34.2,34.9,34.9,4.2,1.9,2.6625,0.214915020329906,-0.07428013628386676,0.9378065421777805,-0.01539142296967867,-0.33544,-22.399973
11.185,2.0,1.0,1.0,34.2,34.9,34.9,4.2,1.9,2.665,0.2010684760794121,-0.07761476912310784,0.9386402331352458,-0.01766223756491938,-0.355169,-21.981844
11.185,2.0,1.0,1.0,34.2,34.9,34.9,4.2,1.9,2.6675,0.18685758101774683,-0.08119784687912077,0.9390870934824392,-0.02022714847366086,-0.377252,-21.547638
11.185,2.0,1.0,1.0,34.2,34.9,34.9,4.2,1.9,2.67,0.1722568416962974,-0.08505394959788433,0.939092847056231,-0.02313777762208981,-0.40211,-21.096052
11.185,2.0,1.0,1.0,34.2,34.9,34.9,4.2,1.9,2.6725,0.15723866285441157,-0.08920972782035938,0.9385914736846168,-0.026457427025981237,-0.430262,-20.625638
11.185,2.0,1.0,1.0,34.2,34.9,34.9,4.2,1.9,2.675,0.14177368510975175,-0.0936935522976166,0.9375019909925009,-0.030264293642374,-0.462356,-20.134787
11.185,2.0,1.0,1.0,34.2,34.9,34.9,4.2,1.9,2.6775,0.12583156181543334,-0.09853472011897192,0.9357242104463802,-0.03465570801768474,-0.499209,-19.621709
11.185,2.0,1.0,1.0,34.2,34.9,34.9,4.2,1.9,2.68,0.1093824893839029,-0.10376190139248921,0.9331331113597698,-0.039753751632041076,-0.541859,-19.084423
11.185,2.0,1.0,1.0,34.2,34.9,34.9,4.2,1.9,2.6825,0.09240001956202562,-0.10940029590477933,0.9295713569677602,-0.045712726508180576,-0.591645,-18.52074
11.185,2.0,1.0,1.0,34.2,34.9,34.9,4.2,1.9,2.685,0.07486604637712745,-0.11546660432467057,0.9248393347120057,-0.05272909100820208,-0.650308,-17.928265
11.185,2.0,1.0,1.0,34.2,34.9,34.9,4.2,1.9,2.6875,0.0567794829430462,-0.121960295438983,0.918681964973791,-0.0610546108804592,-0.720138,-17.304408
11.185,2.0,1.0,1.0,34.2,34.9,34.9,4.2,1.9,2.69,0.03817120858358427,-0.12884858543984884,0.9107714739391718,-0.07101351842501483,-0.80419,-16.646449
11.185,2.0,1.0,1.0,34.2,34.9,34.9,4.2,1.9,2.6925,0.01912967953572215,-0.1360407337407432,0.9006855990266582,-0.0830241917949536,-0.906577,-15.951646
11.185,2.0,1.0,1.0,34.2,34.9,34.9,4.2,1.9,2.695,-0.000155377834790403,-0.14334423952321212,0.8878818726794806,-0.09762467551970688,-1.032896,-15.217489
11.185,2.0,1.0,1.0,34.2,34.9,34.9,4.2,1.9,2.6975,-0.019318958582622996,-0.1503907253581585,0.871672106277612,-0.1154978658030612,-1.190804,-14.44215
11.185,2.0,1.0,1.0,34.2,34.9,34.9,4.2,1.9,2.7,-0.03769740956021773,-0.1565125220712036,0.851210132419205,-0.1374832172879458,-1.390755,-13.625322
11.185,2.0,1.0,1.0,34.2,34.9,34.9,4.2,1.9,2.7025,-0.05412995887458996,-0.16054437178934455,0.8255268688466414,-0.16454079421369808,-1.646743,-12.769701
11.185,2.0,1.0,1.0,34.2,34.9,34.9,4.2,1.9,2.705,-0.06666365515628242,-0.16052912142782175,0.7936914161782569,-0.19758886480679066,-1.976436,-11.883516
11.185,2.0,1.0,1.0,34.2,34.9,34.9,4.2,1.9,2.7075,-0.07219146490869063,-0.15335787563570008,0.755256238467142,-0.23705715044640782,-2.398614,-10.984614
11.185,2.0,1.0,1.0,34.2,34.9,34.9,4.2,1.9,2.71,-0.06623958554221013,-0.1345617429807059,0.7112290453507196,-0.28191415643118045,-2.922302,-10.106283
11.185,2.0,1.0,1.0,34.2,34.9,34.9,4.2,1.9,2.7125,-0.04355545516360972,-0.09890707855996389,0.6656992472541168,-0.32804376497209864,-3.515887,-9.303492
11.185,2.0,1.0,1.0,34.2,34.9,34.9,4.2,1.9,2.715,-0.0006180124442826387,-0.04291197781637725,0.6273814926503888,-0.36671353925167516,-4.049362,-8.654396
11.185,2.0,1.0,1.0,34.2,34.9,34.9,4.2,1.9,2.7175,0.05973372224147,0.030531986451824537,0.6084850239971823,-0.38572582625749496,-4.27335,-8.2473
11.185,2.0,1.0,1.0,34.2,34.9,34.9,4.2,1.9,2.72,0.12538597543443103,0.10927500496874554,0.6183154102895166,-0.37582618358346054,-4.000781,-8.147799
11.185,2.0,1.0,1.0,34.2,34.9,34.9,4.2,1.9,2.7225,0.17984389740418638,0.17683411504540567,0.6555819659889637,-0.3383704762301053,-3.352344,-8.363471
11.185,2.0,1.0,1.0,34.2,34.9,34.9,4.2,1.9,2.725,0.21232886501865525,0.2224831064339161,0.7088237878547883,-0.2848553997128805,-2.616042,-8.839194
11.185,2.0,1.0,1.0,34.2,34.9,34.9,4.2,1.9,2.7275,0.2221232930118753,0.24555924895691006,0.764822539214917,-0.22849205405171694,-1.977106,-9.488167
11.185,2.0,1.0,1.0,34.2,34.9,34.9,4.2,1.9,2.73,0.21473376376119763,0.2516015899970945,0.8151068929117828,-0.1777210159214544,-1.484299,-10.227882
11.185,2.0,1.0,1.0,34.2,34.9,34.9,4.2,1.9,2.7325,0.19666969871360396,0.24712998804083802,0.8565345403878682,-0.135651865927292,-1.121969,-10.997713
11.185,2.0,1.0,1.0,34.2,34.9,34.9,4.2,1.9,2.735,0.17292901629514268,0.2371405643297966,0.8891461302611199,-0.10221830115254842,-0.859292,-11.759769
11.185,2.0,1.0,1.0,34.2,34.9,34.9,4.2,1.9,2.7375,0.14667636430575245,0.22479172970742758,0.9142348196294227,-0.0761090419541378,-0.668473,-12.493072
11.185,2.0,1.0,1.0,34.2,34.9,34.9,4.2,1.9,2.74,0.11970424489531022,0.21186920358551806,0.9333165054067467,-0.05579539551412793,-0.528562,-13.187435
11.185,2.0,1.0,1.0,34.2,34.9,34.9,4.2,1.9,2.7425,0.09294498656963245,0.19929939604891997,0.9477304121566144,-0.03992851642041097,-0.424733,-13.838971
11.185,2.0,1.0,1.0,34.2,34.9,34.9,4.2,1.9,2.745,0.06683704755847443,0.18751599143622857,0.9585425794120885,-0.027434440437357266,-0.346708,-14.447254
11.185,2.0,1.0,1.0,34.2,34.9,34.9,4.2,1.9,2.7475,0.04155012681482596,0.1766849359487308,0.9665640152155034,-0.017495036126326913,-0.28737,-15.013636
11.185,2.0,1.0,1.0,34.2,34.9,34.9,4.2,1.9,2.75,0.0171141680756521,0.166833223057237,0.972399982599258,-0.00949820543009138,-0.241756,-15.540295
11.185,2.0,1.0,1.0,34.2,34.9,34.9,4.2,1.9,2.7525,-0.006509411686923115,0.15791991721051885,0.9764994026999598,-0.002988191783596623,-0.206367,-16.029707
11.185,2.0,1.0,1.0,34.2,34.9,34.9,4.2,1.9,2.755,-0.029389365354949126,0.14987434847888814,0.9791954085814196,0.0023751376306859985,-0.178702,-16.484363
11.185,2.0,1.0,1.0,34.2,34.9,34.9,4.2,1.9,2.7575,-0.05160446963896465,0.1426161390066099,0.9807361715055608,0.0068472148596253266,-0.156949,-16.906627
11.185,2.0,1.0,1.0,34.2,34.9,34.9,4.2,1.9,2.76,-0.07323332160023407,0.1360653219997359,0.9813075575902529,0.010621489710664542,-0.139777,-17.298667
11.185,2.0,1.0,1.0,34.2,34.9,34.9,4.2,1.9,2.7625,-0.09434950254547879,0.13014712019701596,0.9810495489611821,0.013845895996779274,-0.126198,-17.662431
11.185,2.0,1.0,1.0,34.2,34.9,34.9,4.2,1.9,2.765,-0.11501959866572556,0.12479388769445535,0.9800680996740799,0.016634745938230014,-0.115467,-17.999645
11.185,2.0,1.0,1.0,34.2,34.9,34.9,4.2,1.9,2.7675,-0.1353027066319505,0.11994558190717237,0.9784437095642788,0.019077341786228066,-0.10702,-18.311818
11.185,2.0,1.0,1.0,34.2,34.9,34.9,4.2,1.9,2.77,-0.155250678020138,0.11554950829256419,0.9762376533768703,0.021244245679188003,-0.10042,-18.600263
11.185,2.0,1.0,1.0,34.2,34.9,34.9,4.2,1.9,2.7725,-0.17490870013545393,0.1115597379174186,0.9734965343537212,0.023191879429022358,-0.09533,-18.866103
11.185,2.0,1.0,1.0,34.2,34.9,34.9,4.2,1.9,2.775,-0.1943159997444512,0.10793640987061573,0.9702556354590056,0.02496592943523409,-0.091487,-19.110292
11.185,2.0,1.0,1.0,34.2,34.9,34.9,4.2,1.9,2.7775,-0.2135065600060907,0.10464502737685585,0.9665414020500275,0.02660389241835494,-0.088682,-19.33363
11.185,2.0,1.0,1.0,34.2,34.9,34.9,4.2,1.9,2.78,-0.23250979764391919,0.10165580019595669,0.962373291856186,0.028136999830286426,-0.08675,-19.536769
11.185,2.0,1.0,1.0,34.2,34.9,34.9,4.2,1.9,2.7825,-0.2513511781022911,0.09894305557140506,0.9577651595277203,0.02959169048584915,-0.085562,-19.72023
11.185,2.0,1.0,1.0,34.2,34.9,34.9,4.2,1.9,2.785,-0.2700527626873728,0.09648472405276341,0.9527262948740051,0.030990753262697162,-0.085011,-19.88441
11.185,2.0,1.0,1.0,34.2,34.9,34.9,4.2,1.9,2.7875,-0.28863368996798366,0.09426189853023643,0.9472621999379724,0.032354228349967824,-0.085014,-20.029588
11.185,2.0,1.0,1.0,34.2,34.9,34.9,4.2,1.9,2.79,-0.3071105976133307,0.09225846119913608,0.941375165868286,0.033700132135066424,-0.085506,-20.155932
11.185,2.0,1.0,1.0,34.2,34.9,34.9,4.2,1.9,2.7925,-0.3254979923972164,0.09046077191293402,0.9350646931212986,0.035045054415146264,-0.086432,-20.263501
11.185,2.0,1.0,1.0,34.2,34.9,34.9,4.2,1.9,2.795,-0.3438085764368014,0.0888574113687887,0.928327785746293,0.03640466516760715,-0.087753,-20.352248
11.185,2.0,1.0,1.0,34.2,34.9,34.9,4.2,1.9,2.7975,-0.3620535374913276,0.08743897318149593,0.9211591409053722,0.037794160232221104,-0.089437,-20.422025
11.185,2.0,1.0,1.0,34.2,34.9,34.9,4.2,1.9,2.8,-0.3802428106753265,0.08619789980581143,0.9135512473005956,0.03922867002455945,-0.091461,-20.472576
11.185,2.0,1.0,1.0,34.2,34.9,34.9,4.2,1.9,2.8025,-0.3983853184332756,0.08512835828812122,0.9054944000471868,0.04072365222089635,-0.09381,-20.503537
11.185,2.0,1.0,1.0,34.2,34.9,34.9,4.2,1.9,2.805,-0.41648919518261485,0.0842261528815984,0.8969766341338674,0.04229528787620468,-0.096477,-20.514435
11.185,2.0,1.0,1.0,34.2,34.9,34.9,4.2,1.9,2.8075,-0.4345620027128159,0.0834886726093489,0.8879835734297207,0.04396090050169165,-0.099459,-20.504676
11.185,2.0,1.0,1.0,34.2,34.9,34.9,4.2,1.9,2.81,-0.45261094225422344,0.0829148728985805,0.8784981867319348,0.045739419254811495,-0.102763,-20.473543
11.185,2.0,1.0,1.0,34.2,34.9,34.9,4.2,1.9,2.8125,-0.470643069108131,0.0825052914365978,0.868500436054306,0.0476519107845276,-0.106401,-20.420181
11.185,2.0,1.0,1.0,34.2,34.9,34.9,4.2,1.9,2.815,-0.4886655158469864,0.082262099414319,0.8579667945609388,0.04972220985012557,-0.110395,-20.343585
11.185,2.0,1.0,1.0,34.2,34.9,34.9,4.2,1.9,2.8175,-0.5066857303135608,0.08218919030390943,0.8468696013516569,0.051977687312345755,-0.114774,-20.242584
11.185,2.0,1.0,1.0,34.2,34.9,34.9,4.2,1.9,2.82,-0.5247117348870567,0.08229230919879431,0.8351762064191218,0.05445020663115467,-0.119578,-20.115816
11.185,2.0,1.0,1.0,34.2,34.9,34.9,4.2,1.9,2.8225,-0.5427524135688333,0.08257922637203856,0.8228478396114429,0.05717733840171021,-0.124862,-19.961701
11.185,2.0,1.0,1.0,34.2,34.9,34.9,4.2,1.9,2.825,-0.56081783302215,0.08305995875243524,0.8098381094230549,0.060203929559785346,-0.130696,-19.77841
11.185,2.0,1.0,1.0,34.2,34.9,34.9,4.2,1.9,2.8275,-0.5789196020860603,0.08374704180248323,0.7960909963133697,0.06358416420328619,-0.137171,-19.563818
11.185,2.0,1.0,1.0,34.2,34.9,34.9,4.2,1.9,2.83,-0.5970712701018077,0.08465585045821472,0.7815381436618327,0.06738431378873797,-0.144406,-19.315448
11.185,2.0,1.0,1.0,34.2,34.9,34.9,4.2,1.9,2.8325,-0.6152887549156854,0.0858049586593143,0.7660951553542815,0.0716864677391028,-0.152558,-19.030399
11.185,2.0,1.0,1.0,34.2,34.9,34.9,4.2,1.9,2.835,-0.6335907711836058,0.08721650712946419,0.7496564621471346,0.07659368133553895,-0.161834,-18.705257
11.185,2.0,1.0,1.0,34.2,34.9,34.9,4.2,1.9,2.8375,-0.6519991874433357,0.08891650737606148,0.732088084659162,0.08223721069264443,-0.172513,-18.335964
11.185,2.0,1.0,1.0,34.2,34.9,34.9,4.2,1.9,2.84,-0.6705391531000715,0.09093492326393314,0.7132172379165755,0.08878688550993057,-0.184978,-17.917664
11.185,2.0,1.0,1.0,34.2,34.9,34.9,4.2,1.9,2.8425,-0.6892386542919242,0.09330519056190606,0.6928170799751032,0.09646630946604909,-0.19976,-17.444475
11.185,2.0,1.0,1.0,34.2,34.9,34.9,4.2,1.9,2.845,-0.7081267708373127,0.09606245044356758,0.6705837983711063,0.10557568147817488,-0.217619,-16.90919
11.185,2.0,1.0,1.0,34.2,34.9,34.9,4.2,1.9,2.8475,-0.727229063553458,0.09923893484665565,0.6461012545859754,0.11652699511447785,-0.239671,-16.302851
11.185,2.0,1.0,1.0,34.2,34.9,34.9,4.2,1.9,2.85,-0.7465566193771689,0.1028530503020733,0.6187847759844386,0.12989998681383205,-0.267606,-15.61414
11.185,2.0,1.0,1.0,34.2,34.9,34.9,4.2,1.9,2.8525,-0.7660808002287186,0.10688424976784207,0.5877887715661468,0.1465340837624995,-0.304092,-14.828506
11.185,2.0,1.0,1.0,34.2,34.9,34.9,4.2,1.9,2.855,-0.7856746081624867,0.11121470855443026,0.5518492368435431,0.16768514868468545,-0.353529,-13.926842
11.185,2.0,1.0,1.0,34.2,34.9,34.9,4.2,1.9,2.8575,-0.8049721110131587,0.11548950977679547,0.509004706077895,0.1953031960741964,-0.423612,-12.883516
11.185,2.0,1.0,1.0,34.2,34.9,34.9,4.2,1.9,2.86,-0.8230133177782535,0.11876343875376094,0.456083653917646,0.2325425527929157,-0.528785,-11.66338
11.185,2.0,1.0,1.0,34.2,34.9,34.9,4.2,1.9,2.8625,-0.8372807134436409,0.11854270400433614,0.3877450657969032,0.2847167780125547,-0.698739,-10.217463
11.185,2.0,1.0,1.0,34.2,34.9,34.9,4.2,1.9,2.865,-0.8408466102919718,0.10794761688338439,0.2947841572138706,0.36098532397014305,-1.002229,-8.478245
11.185,2.0,1.0,1.0,34.2,34.9,34.9,4.2,1.9,2.8675,-0.8131688816453176,0.06655773279367716,0.16246725391850642,0.4760140597327546,-1.626393,-6.363517
11.185,2.0,1.0,1.0,34.2,34.9,34.9,4.2,1.9,2.87,-0.6908258069210936,-0.0687002801684646,-0.01787937616535941,0.6384676213893385,-3.209721,-3.847228
11.185,2.0,1.0,1.0,34.2,34.9,34.9,4.2,1.9,2.8725,-0.33547040258937416,-0.43552894220481103,-0.12959331278090563,0.7324346719436424,-8.882845,-1.38976
11.185,2.0,1.0,1.0,34.2,34.9,34.9,4.2,1.9,2.875,0.0482814329534284,-0.830901072926144,0.220591968334826,0.366427256035895,-12.924987,-0.837222
11.185,2.0,1.0,1.0,34.2,34.9,34.9,4.2,1.9,2.8775,-0.08242758990018927,-0.7139675029267636,0.6431461828703032,-0.0728039843025766,-3.763049,-2.881506
11.185,2.0,1.0,1.0,34.2,34.9,34.9,4.2,1.9,2.88,-0.3226249216485567,-0.48725824899069087,0.7612705627285478,-0.20946039156509214,-1.651854,-5.508391
11.185,2.0,1.0,1.0,34.2,34.9,34.9,4.2,1.9,2.8825,-0.48355812440724727,-0.3390265323959096,0.7584148335129879,-0.22597552573461302,-0.920399,-7.798816
11.185,2.0,1.0,1.0,34.2,34.9,34.9,4.2,1.9,2.885,-0.5858771257065837,-0.24879513285592567,0.7261881130333036,-0.2136355775151082,-0.601807,-9.684333
11.185,2.0,1.0,1.0,34.2,34.9,34.9,4.2,1.9,2.8875,-0.655159928765856,-0.19109410496257906,0.6887197804507733,-0.19650782732740657,-0.440385,-11.241734
11.185,2.0,1.0,1.0,34.2,34.9,34.9,4.2,1.9,2.89,-0.7054297470213241,-0.15194646188293487,0.6518955824807764,-0.18047588173365786,-0.34987,-12.544625
11.185,2.0,1.0,1.0,34.2,34.9,34.9,4.2,1.9,2.8925,-0.7440654272289212,-0.1239895184116874,0.6169138660153821,-0.16675115409466892,-0.295527,-13.647239
11.185,2.0,1.0,1.0,34.2,34.9,34.9,4.2,1.9,2.895,-0.775125704183572,-0.10316602320068204,0.5837490406024444,-0.15532669341414054,-0.261415,-14.588002
11.185,2.0,1.0,1.0,34.2,34.9,34.9,4.2,1.9,2.8975,-0.8009692333963035,-0.08711089351106076,0.5520881238299632,-0.14591219118660026,-0.239468,-15.394227
11.185,2.0,1.0,1.0,34.2,34.9,34.9,4.2,1.9,2.9,-0.8230377114188355,-0.07437107962515284,0.5215911204812722,-0.13819500811976768,-0.225286,-16.085547
11.185,2.0,1.0,1.0,34.2,34.9,34.9,4.2,1.9,2.9025,-0.8422511396727843,-0.06401153988444726,0.4919575179631494,-0.1319081576842756,-0.216327,-16.676173
11.185,2.0,1.0,1.0,34.2,34.9,34.9,4.2,1.9,2.905,-0.8592177800593332,-0.0554056025589606,0.462935479179138,-0.1268415981003352,-0.211056,-17.176369
11.185,2.0,1.0,1.0,34.2,34.9,34.9,4.2,1.9,2.9075,-0.874351170564148,-0.04811765791832562,0.434314812413202,-0.12283802733847443,-0.208527,-17.593387
11.185,2.0,1.0,1.0,34.2,34.9,34.9,4.2,1.9,2.91,-0.8879381066651945,-0.041834338292198715,0.4059162627084767,-0.119786022546167,-0.20815,-17.932064
11.185,2.0,1.0,1.0,34.2,34.9,34.9,4.2,1.9,2.9125,-0.9001794319968892,-0.03632224321246424,0.37758062244826973,-0.11761451030405877,-0.209572,-18.195163
11.185,2.0,1.0,1.0,34.2,34.9,34.9,4.2,1.9,2.915,-0.9112149429992665,-0.03140063819028606,0.3491581398418176,-0.11628982263786222,-0.212608,-18.383529
11.185,2.0,1.0,1.0,34.2,34.9,34.9,4.2,1.9,2.9175,-0.921138383924308,-0.026922639576615243,0.3204975680931296,-0.11581593840208641,-0.217215,-18.496071
11.185,2.0,1.0,1.0,34.2,34.9,34.9,4.2,1.9,2.92,-0.9300055864477602,-0.022760892457185627,0.29143353426866436,-0.11623868815135102,-0.223478,-18.529581
11.185,2.0,1.0,1.0,34.2,34.9,34.9,4.2,1.9,2.9225,-0.9378369291376122,-0.018794808935088107,0.26177009995472533,-0.11765542917377342,-0.231634,-18.478326
11.185,2.0,1.0,1.0,34.2,34.9,34.9,4.2,1.9,2.925,-0.9446136209403305,-0.014896433901578037,0.23125692828498584,-0.12023316208035903,-0.242123,-18.333356
11.185,2.0,1.0,1.0,34.2,34.9,34.9,4.2,1.9,2.9275,-0.9502649845847289,-0.010910697967657583,0.1995515268189439,-0.12424095824723873,-0.255692,-18.081339
11.185,2.0,1.0,1.0,34.2,34.9,34.9,4.2,1.9,2.93,-0.954639298377506,-0.006621938332275789,0.16615473667057276,-0.13010864279969245,-0.273605,-17.702642
11.185,2.0,1.0,1.0,34.2,34.9,34.9,4.2,1.9,2.9325,-0.9574395440067459,-0.0016881531858905555,0.1302923007412244,-0.13853737506788769,-0.298082,-17.168016
11.185,2.0,1.0,1.0,34.2,34.9,34.9,4.2,1.9,2.935,-0.9580740828521703,0.004505357613465124,0.09068010996345166,-0.15072129509536378,-0.333286,-16.432629
11.185,2.0,1.0,1.0,34.2,34.9,34.9,4.2,1.9,2.9375,-0.955271386709759,0.0132178046685362,0.0450158329449817,-0.168829518303399,-0.387831,-15.424494
11.185,2.0,1.0,1.0,34.2,34.9,34.9,4.2,1.9,2.94,-0.9459202907752406,0.027465813942688606,-0.011243082490677916,-0.19716572003657057,-0.482296,-14.019903
11.185,2.0,1.0,1.0,34.2,34.9,34.9,4.2,1.9,2.9425,-0.920705621305078,0.05620050103510787,-0.0881543943626644,-0.24527167950859313,-0.677952,-11.984818
11.185,2.0,1.0,1.0,34.2,34.9,34.9,4.2,1.9,2.945,-0.8411643419520004,0.1362166623715132,-0.20954366604066846,-0.33569297221070343,-1.240907,-8.819181
11.185,2.0,1.0,1.0,34.2,34.9,34.9,4.2,1.9,2.9475,-0.4661179700326372,0.4971718916814212,-0.3418484779468573,-0.4354461145720284,-4.760893,-3.597241
11.185,2.0,1.0,1.0,34.2,34.9,34.9,4.2,1.9,2.95,-0.4018513673438496,0.5584215891270101,0.5077898583453638,0.39938701015037686,-3.774388,-3.266614
11.185,2.0,1.0,1.0,34.2,34.9,34.9,4.2,1.9,2.9525,-0.8721167023474716,0.11173609339355614,0.365462325681413,0.2871928607649578,-0.485895,-10.224378
11.185,2.0,1.0,1.0,34.2,34.9,34.9,4.2,1.9,2.955,-0.9547439864883417,0.03432857881550372,0.21908346850484461,0.1717992799088643,-0.179398,-15.129544
11.185,2.0,1.0,1.0,34.2,34.9,34.9,4.2,1.9,2.9575,-0.9772650702430732,0.01350079585799959,0.1330074248592255,0.11401632507342467,-0.120041,-18.800189
11.185,2.0,1.0,1.0,34.2,34.9,34.9,4.2,1.9,2.96,-0.985000370494672,0.006083558949483202,0.07287068536692003,0.08091250120732446,-0.107568,-21.815206
11.185,2.0,1.0,1.0,34.2,34.9,34.9,4.2,1.9,2.9625,-0.9873534297062493,0.003147775147873864,0.02547422776689197,0.05985298477401374,-0.107657,-24.446288
11.185,2.0,1.0,1.0,34.2,34.9,34.9,4.2,1.9,2.965,-0.9871240001832847,0.0020471652733549564,-0.01480241205474089,0.04545633510555613,-0.111589,-26.839312
11.185,2.0,1.0,1.0,34.2,34.9,34.9,4.2,1.9,2.9675,-0.9853589520344427,0.001799794790966074,-0.05069279872543189,0.035101589898854244,-0.116631,-29.082062
11.185,2.0,1.0,1.0,34.2,34.9,34.9,4.2,1.9,2.97,-0.9825157988536011,0.001982181379456685,-0.08367001323718969,0.02737217089158556,-0.121828,-31.2311
11.185,2.0,1.0,1.0,34.2,34.9,34.9,4.2,1.9,2.9725,-0.9788191039019777,0.002391145171507916,-0.11459157303196763,0.021439224424425665,-0.126832,-33.322129
11.185,2.0,1.0,1.0,34.2,34.9,34.9,4.2,1.9,2.975,-0.9743899320050463,0.002921233170435724,-0.14398686617104153,0.016786932778076996,-0.131531,-35.37101
11.185,2.0,1.0,1.0,34.2,34.9,34.9,4.2,1.9,2.9775,-0.9692991548865786,0.0035143647584709604,-0.17219783718332346,0.013078147160243025,-0.135898,-37.366274
11.185,2.0,1.0,1.0,34.2,34.9,34.9,4.2,1.9,2.98,-0.9635916219961254,0.004137064736493294,-0.19945322688088102,0.010083534963777934,-0.139944,-39.252092
11.185,2.0,1.0,1.0,34.2,34.9,34.9,4.2,1.9,2.9825,-0.9572979903490306,0.0047693599745813635,-0.22591022816444079,0.00764186314933179,-0.143693,-40.907389
11.185,2.0,1.0,1.0,34.2,34.9,34.9,4.2,1.9,2.985,-0.9504408840951782,0.005399022752124086,-0.2516790796840459,0.005636579908399526,-0.147172,-42.152367
11.185,2.0,1.0,1.0,34.2,34.9,34.9,4.2,1.9,2.9875,-0.9430382693171214,0.00601843227885834,-0.27683822242217043,0.003981407234275995,-0.150406,-42.833863
11.185,2.0,1.0,1.0,34.2,34.9,34.9,4.2,1.9,2.99,-0.9351053828126026,0.00662279055099279,-0.3014439891904117,0.0026111510544888994,-0.153419,-42.95168
11.185,2.0,1.0,1.0,34.2,34.9,34.9,4.2,1.9,2.9925,-0.9266558735451528,0.007209071905035719,-0.3255369987166037,0.0014756543272378627,-0.156233,-42.664154
11.185,2.0,1.0,1.0,34.2,34.9,34.9,4.2,1.9,2.995,-0.9177024974500488,0.007775386002376751,-0.3491464938365036,0.0005357092658300357,-0.158864,-42.164994
11.185,2.0,1.0,1.0,34.2,34.9,34.9,4.2,1.9,2.9975,-0.9082575495740324,0.008320581789917418,-0.3722933578537857,-0.0002397722279172412,-0.161329,-41.593321
11.185,2.0,1.0,1.0,34.2,34.9,34.9,4.2,1.9,3.0,-0.8983331367180521,0.008843996082277435,-0.3949922580864296,-0.0008757585498627475,-0.163641,-41.024652
11.185,2.0,1.0,1.0,34.2,34.9,34.9,4.2,1.9,3.0025,-0.8879413503991065,0.009345291164108182,-0.41725319922237086,-0.0013925385074702108,-0.165812,-40.492768
11.185,2.0,1.0,1.0,34.2,34.9,34.9,4.2,1.9,3.005,-0.8770943758632941,0.009824348403307192,-0.43908266895829484,-0.0018067756376204645,-0.167851,-40.009467
11.185,2.0,1.0,1.0,34.2,34.9,34.9,4.2,1.9,3.0075,-0.8658045590818607,0.010281197779953193,-0.4604844964517205,-0.002132291666139356,-0.169769,-39.576226
11.185,2.0,1.0,1.0,34.2,34.9,34.9,4.2,1.9,3.01,-0.8540844455317124,0.010715970821775304,-0.48146050485426556,-0.0023806565701223626,-0.171571,-39.190146
11.185,2.0,1.0,1.0,34.2,34.9,34.9,4.2,1.9,3.0125,-0.8419467996511382,0.01112886900335109,-0.502011013752223,-0.0025616384242748676,-0.173266,-38.846767
11.185,2.0,1.0,1.0,34.2,34.9,34.9,4.2,1.9,3.015,-0.8294046108266172,0.011520142476042787,-0.5221352305219211,-0.0026835501642055175,-0.174858,-38.541353
11.185,2.0,1.0,1.0,34.2,34.9,34.9,4.2,1.9,3.0175,-0.8164710898521449,0.011890075759257058,-0.5418315582837611,-0.002753519596786542,-0.176354,-38.269427
11.185,2.0,1.0,1.0,34.2,34.9,34.9,4.2,1.9,3.02,-0.8031596585708922,0.012238978150606717,-0.5610978403880943,-0.0027777015933897692,-0.177757,-38.026968
11.185,2.0,1.0,1.0,34.2,34.9,34.9,4.2,1.9,3.0225,-0.7894839346023452,0.012567177344571853,-0.5799315559787,-0.0027614462623385943,-0.179073,-37.810458
11.185,2.0,1.0,1.0,34.2,34.9,34.9,4.2,1.9,3.025,-0.7754577125207304,0.012875015231830024,-0.5983299773821031,-0.002709433273818932,-0.180304,-37.616853
11.185,2.0,1.0,1.0,34.2,34.9,34.9,4.2,1.9,3.0275,-0.7610949424861294,0.0131628451738775,-0.6162902973598302,-0.002625779922761358,-0.181455,-37.443532
11.185,2.0,1.0,1.0,34.2,34.9,34.9,4.2,1.9,3.03,-0.746409707078907,0.013431030265661614,-0.6338097323010884,-0.002514128644393783,-0.182528,-37.288245
11.185,2.0,1.0,1.0,34.2,34.9,34.9,4.2,1.9,3.0325,-0.7314161969119587,0.013679942248125049,-0.6508856060020175,-0.002377718329303647,-0.183527,-37.149057
11.185,2.0,1.0,1.0,34.2,34.9,34.9,4.2,1.9,3.035,-0.7161286854700234,0.013909960835599417,-0.6675154176205096,-0.0022194427741234687,-0.184454,-37.0243
11.185,2.0,1.0,1.0,34.2,34.9,34.9,4.2,1.9,3.0375,-0.7005615035338518,0.014121473294808793,-0.6836968966079393,-0.002041898849721061,-0.185312,-36.912535
11.185,2.0,1.0,1.0,34.2,34.9,34.9,4.2,1.9,3.04,-0.6847290134793608,0.014314874162679478,-0.6994280468266169,-0.0018474264007165026,-0.186103,-36.812511
11.185,2.0,1.0,1.0,34.2,34.9,34.9,4.2,1.9,3.0425,-0.6686455836906199,0.014490565025809409,-0.7147071816119751,-0.001638141458567105,-0.186829,-36.723142
11.185,2.0,1.0,1.0,34.2,34.9,34.9,4.2,1.9,3.045,-0.6523255632854059,0.014648954309788607,-0.7295329511950434,-0.0014159640198698371,-0.187492,-36.643479
11.185,2.0,1.0,1.0,34.2,34.9,34.9,4.2,1.9,3.0475,-0.6357832573205756,0.014790457044628854,-0.7439043636352674,-0.0011826413863356663,-0.188095,-36.57269
11.185,2.0,1.0,1.0,34.2,34.9,34.9,4.2,1.9,3.05,-0.6190329026184314,0.01491549458546783,-0.757820800208159,-0.0009397678644410145,-0.188639,-36.51004
11.185,2.0,1.0,1.0,34.2,34.9,34.9,4.2,1.9,3.0525,-0.6020886443336823,0.015024494276925862,-0.7712820260309167,-0.0006888014673721319,-0.189126,-36.454884
11.185,2.0,1.0,1.0,34.2,34.9,34.9,4.2,1.9,3.055,-0.5849645133623176,0.01511788905603997,-0.7842881965819737,-0.00043107813940510253,-0.189558,-36.406647
11.185,2.0,1.0,1.0,34.2,34.9,34.9,4.2,1.9,3.0575,-0.5676744046773913,0.015196116993320711,-0.7968398606696023,-0.00016782392572495277,-0.189937,-36.364818
11.185,2.0,1.0,1.0,34.2,34.9,34.9,4.2,1.9,3.06,-0.5502320566627944,0.015259620774680481,-0.8089379603234638,9.98345668052887e-05,-0.190264,-36.328939
11.185,2.0,1.0,1.0,34.2,34.9,34.9,4.2,1.9,3.0625,-0.5326510315031074,0.01530884712915855,-0.8205838280178046,0.00037086113458940147,-0.190541,-36.298602
11.185,2.0,1.0,1.0,34.2,34.9,34.9,4.2,1.9,3.065,-0.5149446966762539,0.015344246208776408,-0.8317791815815513,0.000644302134761245,-0.190769,-36.273438
11.185,2.0,1.0,1.0,34.2,34.9,34.9,4.2,1.9,3.0675,-0.4971262075850897,0.015366270927708526,-0.8425261171066794,0.0009192796426151343,-0.19095,-36.253115
11.185,2.0,1.0,1.0,34.2,34.9,34.9,4.2,1.9,3.07,-0.4792084913542799,0.015375376268384826,-0.852827100129923,0.0011949854495517675,-0.191086,-36.23733
11.185,2.0,1.0,1.0,34.2,34.9,34.9,4.2,1.9,3.0725,-0.4612042318101878,0.015372018562269938,-0.8626849553320796,0.0014706757691544075,-0.191177,-36.225811
11.185,2.0,1.0,1.0,34.2,34.9,34.9,4.2,1.9,3.075,-0.44312585565302676,0.01535665475296388,-0.8721028549734047,0.0017456665412483045,-0.191226,-36.218308
11.185,2.0,1.0,1.0,34.2,34.9,34.9,4.2,1.9,3.0775,-0.4249855198232879,0.015329741649007706,-0.8810843062612144,0.0020193292421181175,-0.191233,-36.214592
11.185,2.0,1.0,1.0,34.2,34.9,34.9,4.2,1.9,3.08,-0.40679510005741853,0.015291735173397297,-0.8896331378265244,0.002291087124221884,-0.191201,-36.214454
11.185,2.0,1.0,1.0,34.2,34.9,34.9,4.2,1.9,3.0825,-0.38856618062147114,0.015243089616346702,-0.8977534854696878,0.002560411821316739,-0.19113,-36.217702
11.185,2.0,1.0,1.0,34.2,34.9,34.9,4.2,1.9,3.085,-0.37031004520590355,0.015184256897327364,-0.9054497773198726,0.0028268202653787557,-0.191022,-36.224159
11.185,2.0,1.0,1.0,34.2,34.9,34.9,4.2,1.9,3.0875,-0.352037668959322,0.015115685841859936,-0.9127267185399706,0.003089871870428215,-0.190878,-36.23366
11.185,2.0,1.0,1.0,34.2,34.9,34.9,4.2,1.9,3.09,-0.3337597116346521,0.015037821477970656,-0.9195892756962711,0.0033491659456679414,-0.190699,-36.246053
11.185,2.0,1.0,1.0,34.2,34.9,34.9,4.2,1.9,3.0925,-0.31548651181697523,0.0149511043566544,-0.9260426609013058,0.0036043393064499915,-0.190487,-36.261197
11.185,2.0,1.0,1.0,34.2,34.9,34.9,4.2,1.9,3.095,-0.29722808219874286,0.014855969900123694,-0.9320923158281513,0.0038550640567065115,-0.190243,-36.278959
11.185,2.0,1.0,1.0,34.2,34.9,34.9,4.2,1.9,3.0975,-0.27899410586513623,0.01475284778107464,-0.9377438956851383,0.004101045520774989,-0.189967,-36.299218
11.185,2.0,1.0,1.0,34.2,34.9,34.9,4.2,1.9,3.1,-0.2607939335495293,0.014642161335670534,-0.9430032532313352,0.0043420203061566255,-0.189662,-36.321857
11.185,2.0,1.0,1.0,34.2,34.9,34.9,4.2,1.9,3.1025,-0.24263658181709835,0.01452432701244076,-0.9478764229050969,0.004577754481771609,-0.189328,-36.346769
11.185,2.0,1.0,1.0,34.2,34.9,34.9,4.2,1.9,3.105,-0.2245307321326118,0.014399753858814616,-0.9523696051305772,0.004808041858817076,-0.188966,-36.373853
11.185,2.0,1.0,1.0,34.2,34.9,34.9,4.2,1.9,3.1075,-0.20648473076735582,0.014268843046565038,-0.9564891508599903,0.005032702363463664,-0.188578,-36.403011
11.185,2.0,1.0,1.0,34.2,34.9,34.9,4.2,1.9,3.11,-0.18850658949902316,0.014131987437020608,-0.9602415464029731,0.005251580492409723,-0.188165,-36.434155
11.185,2.0,1.0,1.0,34.2,34.9,34.9,4.2,1.9,3.1125,-0.17060398705774413,0.013989571186524585,-0.9636333985882366,0.005464543843805798,-0.187728,-36.467199
11.185,2.0,1.0,1.0,34.2,34.9,34.9,4.2,1.9,3.115,-0.1527842712713418,0.01384196939226956,-0.966671420296936,0.005671481717302824,-0.187267,-36.502062
11.185,2.0,1.0,1.0,34.2,34.9,34.9,4.2,1.9,3.1175,-0.13505446186258574,0.013689547778321647,-0.969362416401896,0.005872303778015125,-0.186784,-36.538668
11.185,2.0,1.0,1.0,34.2,34.9,34.9,4.2,1.9,3.12,-0.1174212538517774,0.013532662421364977,-0.971713270141768,0.006066938780044034,-0.186279,-36.576944
11.185,2.0,1.0,1.0,34.2,34.9,34.9,4.2,1.9,3.1225,-0.09989102151834167,0.013371659515446263,-0.9737309299545683,0.006255333345915592,-0.185755,-36.61682
11.185,2.0,1.0,1.0,34.2,34.9,34.9,4.2,1.9,3.125,-0.0824698228758018,0.0132068751747777,-0.975422396790687,0.00643745079886874,-0.185211,-36.658232
11.185,2.0,1.0,1.0,34.2,34.9,34.9,4.2,1.9,3.1275,-0.06516340461562688,0.013038635273467908,-0.9767947119214516,0.006613270045400196,-0.184649,-36.701115
11.185,2.0,1.0,1.0,34.2,34.9,34.9,4.2,1.9,3.13,-0.047977207476278004,0.012867255320884006,-0.9778549452555948,0.006782784505860826,-0.184069,-36.745409
11.185,2.0,1.0,1.0,34.2,34.9,34.9,4.2,1.9,3.1325,-0.03091637199528601,0.012693040371215457,-0.978610184172529,0.00694600109120259,-0.183473,-36.791059
11.185,2.0,1.0,1.0,34.2,34.9,34.9,4.2,1.9,3.135,-0.013985744603379322,0.012516284965695321,-0.9790675228782084,0.007102939224224544,-0.182861,-36.838007
11.185,2.0,1.0,1.0,34.2,34.9,34.9,4.2,1.9,3.1375,0.0028101159788103403,0.012337273105847308,-0.9792340522864492,0.007253629903857252,-0.182234,-36.886203
11.185,2.0,1.0,1.0,34.2,34.9,34.9,4.2,1.9,3.14,0.01946693207919724,0.012156278256060579,-0.9791168504259368,0.00739811481117451,-0.181593,-36.935595
11.185,2.0,1.0,1.0,34.2,34.9,34.9,4.2,1.9,3.1425,0.03598070018424734,0.011973563373744623,-0.9787229733708015,0.0075364454559375075,-0.180939,-36.986135
11.185,2.0,1.0,1.0,34.2,34.9,34.9,4.2,1.9,3.145,0.052347683854909885,0.011789380965289118,-0.9780594466904544,0.007668682362557969,-0.180272,-37.037777
11.185,2.0,1.0,1.0,34.2,34.9,34.9,4.2,1.9,3.1475,0.06856440648141886,0.01160397316603792,-0.9771332574124714,0.007794894294431983,-0.179593,-37.090475
11.185,2.0,1.0,1.0,34.2,34.9,34.9,4.2,1.9,3.15,0.0846276439078978,0.01141757184248951,-0.9759513464905831,0.007915157515634322,-0.178904,-37.144187
11.185,2.0,1.0,1.0,34.2,34.9,34.9,4.2,1.9,3.1525,0.10053441695612798,0.011230398714948622,-0.9745206017683316,0.008029555088994885,-0.178204,-37.198871
11.185,2.0,1.0,1.0,34.2,34.9,34.9,4.2,1.9,3.155,0.11628198387600273,0.011042665498879323,-0.9728478514275938,0.008138176209592085,-0.177494,-37.254488
11.185,2.0,1.0,1.0,34.2,34.9,34.9,4.2,1.9,3.1575,0.1318678327483831,0.010854574063246308,-0.9709398579100591,0.008241115572707413,-0.176775,-37.310998
11.185,2.0,1.0,1.0,34.2,34.9,34.9,4.2,1.9,3.16,0.14728967386449476,0.010666316604173057,-0.9688033122987423,0.008338472775285741,-0.176048,-37.368365
11.185,2.0,1.0,1.0,34.2,34.9,34.9,4.2,1.9,3.1625,0.1625454321041184,0.010478075832298405,-0.9664448291457762,0.008430351749944297,-0.175313,-37.426553
11.185,2.0,1.0,1.0,34.2,34.9,34.9,4.2,1.9,3.165,0.1776332393333178,0.010290025172269455,-0.9638709417320883,0.008516860230567082,-0.174571,-37.485527
11.185,2.0,1.0,1.0,34.2,34.9,34.9,4.2,1.9,3.1675,0.19255142684078416,0.010102328972869832,-0.9610880977439369,0.008598109248515227,-0.173822,-37.545255
11.185,2.0,1.0,1.0,34.2,34.9,34.9,4.2,1.9,3.17,0.20729851783023628,0.009915142726351025,-0.958102655350953,0.008674212658476687,-0.173067,-37.605703
11.185,2.0,1.0,1.0,34.2,34.9,34.9,4.2,1.9,3.1725,0.22187321998493328,0.009728613295600007,-0.9549208796699199,0.008745286692972648,-0.172307,-37.666841
11.185,2.0,1.0,1.0,34.2,34.9,34.9,4.2,1.9,3.175,0.23627441811874142,0.00954287914785064,-0.9515489395983993,0.008811449544532099,-0.171542,-37.728638
11.185,2.0,1.0,1.0,34.2,34.9,34.9,4.2,1.9,3.1775,0.2505011669269744,0.009358070593715871,-0.9479929050021215,0.008872820974544003,-0.170772,-37.791066
11.185,2.0,1.0,1.0,34.2,34.9,34.9,4.2,1.9,3.18,0.26455268384869973,0.009174310030393568,-0.944258744240093,0.008929521947793126,-0.169998,-37.854096
11.185,2.0,1.0,1.0,34.2,34.9,34.9,4.2,1.9,3.1825,0.2784283420510545,0.008991712187969698,-0.940352322011372,0.008981674291688316,-0.169221,-37.9177
11.185,2.0,1.0,1.0,34.2,34.9,34.9,4.2,1.9,3.185,0.29212766354491404,0.008810384377815705,-0.9362793975075931,0.009029400379193779,-0.16844,-37.981853
11.185,2.0,1.0,1.0,34.2,34.9,34.9,4.2,1.9,3.1875,0.3056503124399573,0.008630426742149968,-0.9320456228555253,0.009072822834479967,-0.167657,-38.046529
11.185,2.0,1.0,1.0,34.2,34.9,34.9,4.2,1.9,3.19,0.31899608834631554,0.008451932503900503,-0.9276565418341173,0.009112064260319477,-0.166872,-38.111703
11.185,2.0,1.0,1.0,34.2,34.9,34.9,4.2,1.9,3.1925,0.33216491992874714,0.008274988216078019,-0.9231175888508417,0.009147246986262418,-0.166085,-38.17735
11.185,2.0,1.0,1.0,34.2,34.9,34.9,4.2,1.9,3.195,0.3451568586184846,0.008099674009931907,-0.9184340881624015,0.009178492836639596,-0.165296,-38.243448
11.185,2.0,1.0,1.0,34.2,34.9,34.9,4.2,1.9,3.1975,0.35797207248696766,0.007926063841227208,-0.9136112533252513,0.009205922917455612,-0.164506,-38.309975
11.185,2.0,1.0,1.0,34.2,34.9,34.9,4.2,1.9,3.2,0.37061084028475033,0.007754225734043273,-0.9086541868617809,0.009229657421252344,-0.163715,-38.376908
11.185,2.0,1.0,1.0,34.2,34.9,34.9,4.2,1.9,3.2025,0.38307354564825186,0.007584222021551293,-0.9035678801283765,0.009249815449039776,-0.162924,-38.444226
11.185,2.0,1.0,1.0,34.2,34.9,34.9,4.2,1.9,3.205,0.3953606714761799,0.0074161095832873496,-0.8983572133720609,0.009266514848413577,-0.162133,-38.511908
11.185,2.0,1.0,1.0,34.2,34.9,34.9,4.2,1.9,3.2075,0.4074727944768243,0.007249940078488954,-0.8930269559628237,0.009279872066998903,-0.161342,-38.579935
11.185,2.0,1.0,1.0,34.2,34.9,34.9,4.2,1.9,3.21,0.4194105798868664,0.007085760175114746,-0.8875817667892122,0.009290002020384136,-0.160552,-38.648287
11.185,2.0,1.0,1.0,34.2,34.9,34.9,4.2,1.9,3.2125,0.4311747763616827,0.006923611774215126,-0.8820261948052613,0.009297017973731286,-0.159762,-38.716946
11.185,2.0,1.0,1.0,34.2,34.9,34.9,4.2,1.9,3.215,0.4427662110367401,0.0067635322293657,-0.8763646797172489,0.009301031436275723,-0.158973,-38.785894
11.185,2.0,1.0,1.0,34.2,34.9,34.9,4.2,1.9,3.2175,0.4541857847590642,0.006605554560919121,-0.8706015527993227,0.009302152067952998,-0.158186,-38.855112
11.185,2.0,1.0,1.0,34.2,34.9,34.9,4.2,1.9,3.22,0.4654344674875444,0.00644970766486829,-0.8647410378274232,0.009300487597417185,-0.1574,-38.924583
11.185,2.0,1.0,1.0,34.2,34.9,34.9,4.2,1.9,3.2225,0.47651329386021274,0.006296016516152947,-0.8587872521215094,0.009296143750741647,-0.156615,-38.994292
11.185,2.0,1.0,1.0,34.2,34.9,34.9,4.2,1.9,3.225,0.48742335892651967,0.0061445023662738876,-0.8527442076864827,0.009289224190120323,-0.155833,-39.064222
11.185,2.0,1.0,1.0,34.2,34.9,34.9,4.2,1.9,3.2275,0.49816581404222077,0.00599518293511078,-0.8466158124426844,0.009279830461914274,-0.155053,-39.134356
11.185,2.0,1.0,1.0,34.2,34.9,34.9,4.2,1.9,3.23,0.5087418629241782,0.00584807259687011,-0.840405871537356,0.009268061953416323,-0.154275,-39.204681
11.185,2.0,1.0,1.0,34.2,34.9,34.9,4.2,1.9,3.2325,0.5191527578623055,0.005703182560113726,-0.8341180887288061,0.0092540158577321,-0.1535,-39.275181
11.185,2.0,1.0,1.0,34.2,34.9,34.9,4.2,1.9,3.235,0.5293997960854824,0.0055605210418453845,-0.8277560678355534,0.00923778714620392,-0.152728,-39.345842
11.185,2.0,1.0,1.0,34.2,34.9,34.9,4.2,1.9,3.2375,0.5394843162782309,0.0054200934356531975,-0.8213233142431005,0.009219468547829802,-0.151959,-39.41665
11.185,2.0,1.0,1.0,34.2,34.9,34.9,4.2,1.9,3.24,0.5494076952447878,0.005281902473926075,-0.8148232364613829,0.009199150535155484,-0.151192,-39.487592
11.185,2.0,1.0,1.0,34.2,34.9,34.9,4.2,1.9,3.2425,0.559171344716981,0.005145948384181585,-0.8082591477264253,0.009176921316144105,-0.150429,-39.558654
11.185,2.0,1.0,1.0,34.2,34.9,34.9,4.2,1.9,3.245,0.5687767083023507,0.005012229039556928,-0.8016342676400137,0.009152866831551618,-0.149669,-39.629824
11.185,2.0,1.0,1.0,34.2,34.9,34.9,4.2,1.9,3.2475,0.5782252585687515,0.004880740103531429,-0.7949517238416917,0.009127070757362174,-0.148913,-39.70109
11.185,2.0,1.0,1.0,34.2,34.9,34.9,4.2,1.9,3.25,0.587518494261744,0.00475147516895946,-0.788214553707625,0.00909961451185955,-0.14816,-39.772439
11.185,2.0,1.0,1.0,34.2,34.9,34.9,4.2,1.9,3.2525,0.5966579376508871,0.004624425891506496,-0.7814257060713516,0.009070577266935989,-0.147412,-39.843859
11.185,2.0,1.0,1.0,34.2,34.9,34.9,4.2,1.9,3.255,0.6056451320011494,0.004499582117588785,-0.774588042961671,0.00904003596325996,-0.146667,-39.91534
11.185,2.0,1.0,1.0,34.2,34.9,34.9,4.2,1.9,3.2575,0.6144816391655851,0.004376932006926744,-0.7677043413532942,0.009008065328947852,-0.145926,-39.986871
11.185,2.0,1.0,1.0,34.2,34.9,34.9,4.2,1.9,3.26,0.6231690372953934,0.004256462149829774,-0.7607772949262017,0.008974737901404265,-0.145189,-40.05844
11.185,2.0,1.0,1.0,34.2,34.9,34.9,4.2,1.9,3.2625,0.6317089186635769,0.0041381576793351835,-0.7538095158298788,0.008940124052016434,-0.144456,-40.130037
11.185,2.0,1.0,1.0,34.2,34.9,34.9,4.2,1.9,3.265,0.640102887598341,0.004022002378330631,-0.7468035364489716,0.008904292013407034,-0.143727,-40.201653
11.185,2.0,1.0,1.0,34.2,34.9,34.9,4.2,1.9,3.2675,0.6483525585224699,0.003907978781792172,-0.7397618111671037,0.00886730790896893,-0.143003,-40.273277
11.185,2.0,1.0,1.0,34.2,34.9,34.9,4.2,1.9,3.27,0.6564595540949775,0.0037960682742741647,-0.7326867181258494,0.008829235784422261,-0.142283,-40.3449
11.185,2.0,1.0,1.0,34.2,34.9,34.9,4.2,1.9,3.2725,0.6644255034512773,0.0036862511827896348,-0.7255805609761695,0.00879013764115217,-0.141568,-40.416513
11.185,2.0,1.0,1.0,34.2,34.9,34.9,4.2,1.9,3.275,0.6722520405383077,0.003578506865221029,-0.7184455706197419,0.008750073471101209,-0.140857,-40.488107
11.185,2.0,1.0,1.0,34.2,34.9,34.9,4.2,1.9,3.2775,0.6799408025410001,0.0034728137944027644,-0.7112839069379209,0.008709101293005811,-0.140151,-40.559672
11.185,2.0,1.0,1.0,34.2,34.9,34.9,4.2,1.9,3.28,0.6874934283965944,0.0033691496380174753,-0.7040976605062299,0.008667277189781568,-0.139449,-40.631202
11.185,2.0,1.0,1.0,34.2,34.9,34.9,4.2,1.9,3.2825,0.6949115573934026,0.003267491334446811,-0.6968888542924456,0.008624655346875208,-0.138752,-40.702686
11.185,2.0,1.0,1.0,34.2,34.9,34.9,4.2,1.9,3.285,0.7021968278506092,0.003167815164718819,-0.6896594453366196,0.008581288091415304,-0.13806,-40.774118
11.185,2.0,1.0,1.0,34.2,34.9,34.9,4.2,1.9,3.2875,0.7093508758758919,0.0030700968206907684,-0.6824113264114118,0.008537225932005663,-0.137372,-40.845489
11.185,2.0,1.0,1.0,34.2,34.9,34.9,4.2,1.9,3.29,0.716375334197611,0.0029743114696069387,-0.6751463276614156,0.008492517599017762,-0.13669,-40.916792
11.185,2.0,1.0,1.0,34.2,34.9,34.9,4.2,1.9,3.2925,0.723271831068498,0.00288043381516736,-0.6678662182201817,0.00844721008524933,-0.136012,-40.988019
11.185,2.0,1.0,1.0,34.2,34.9,34.9,4.2,1.9,3.295,0.730041989237785,0.0027884381552426086,-0.6605727078038794,0.008401348686827702,-0.135339,-41.059164
11.185,2.0,1.0,1.0,34.2,34.9,34.9,4.2,1.9,3.2975,0.7366874249888378,0.00269829843636711,-0.6532674482806206,0.008354977044245426,-0.134671,-41.130219
11.185,2.0,1.0,1.0,34.2,34.9,34.9,4.2,1.9,3.3,0.7432097472394537,0.0026099883051402127,-0.645952035214584,0.00830813718342612,-0.134008,-41.201178
11.185,2.0,1.0,1.0,34.2,34.9,34.9,4.2,1.9,3.3025,0.7496105567020083,0.0025234811566629497,-0.6386280093842667,0.008260869556726938,-0.13335,-41.272034
11.185,2.0,1.0,1.0,34.2,34.9,34.9,4.2,1.9,3.305,0.7558914451008215,0.00243875018013384,-0.6312968582741807,0.008213213083792296,-0.132696,-41.342781
11.185,2.0,1.0,1.0,34.2,34.9,34.9,4.2,1.9,3.3075,0.7620539944440977,0.0023557684017253854,-0.623960017539533,0.00816520519218161,-0.132048,-41.413412
11.185,2.0,1.0,1.0,34.2,34.9,34.9,4.2,1.9,3.31,0.7680997763479419,0.002274508724859086,-0.6166188724434405,0.008116881857701234,-0.131405,-41.483921
11.185,2.0,1.0,1.0,34.2,34.9,34.9,4.2,1.9,3.3125,0.7740303514100426,0.0021949439679936574,-0.6092747592663286,0.008068277644376808,-0.130766,-41.554304
11.185,2.0,1.0,1.0,34.2,34.9,34.9,4.2,1.9,3.315,0.7798472686306325,0.002117046900037976,-0.6019289666873036,0.00801942574401014,-0.130133,-41.624553
11.185,2.0,1.0,1.0,34.2,34.9,34.9,4.2,1.9,3.3175,0.785552064878517,0.0020407902734968873,-0.5945827371372515,0.007970358015269137,-0.129505,-41.694663
11.185,2.0,1.0,1.0,34.2,34.9,34.9,4.2,1.9,3.32,0.7911462643999483,0.0019661468554545173,-0.587237268123608,0.0079211050222661,-0.128881,-41.764629
11.185,2.0,1.0,1.0,34.2,34.9,34.9,4.2,1.9,3.3225,0.7966313783682579,0.0018930894564966254,-0.5798937135267178,0.007871696072584276,-0.128263,-41.834446
11.185,2.0,1.0,1.0,34.2,34.9,34.9,4.2,1.9,3.325,0.8020089044722444,0.0018215909576696694,-0.5725531848677803,0.007822159254717437,-0.127649,-41.904109
11.185,2.0,1.0,1.0,34.2,34.9,34.9,4.2,1.9,3.3275,0.8072803265413315,0.0017516243355717295,-0.5652167525484776,0.0077725214748921205,-0.127041,-41.973612
11.185,2.0,1.0,1.0,34.2,34.9,34.9,4.2,1.9,3.33,0.8124471142056765,0.0016831626856658058,-0.5578854470623431,0.0077228084932458385,-0.126437,-42.042951
11.185,2.0,1.0,1.0,34.2,34.9,34.9,4.2,1.9,3.3325,0.8175107225893827,0.0016161792439043257,-0.5505602601780739,0.007673044959338802,-0.125838,-42.112121
11.185,2.0,1.0,1.0,34.2,34.9,34.9,4.2,1.9,3.335,0.8224725920351315,0.0015506474067487005,-0.5432421460949319,0.0076232544469800175,-0.125245,-42.181117
11.185,2.0,1.0,1.0,34.2,34.9,34.9,4.2,1.9,3.3375,0.8273341478585555,0.001486540749666206,-0.5359320225704973,0.007573459488352058,-0.124656,-42.249936
11.185,2.0,1.0,1.0,34.2,34.9,34.9,4.2,1.9,3.34,0.8320968001307695,0.0014238330441819632,-0.5286307720210255,0.007523681607421846,-0.124072,-42.318573
11.185,2.0,1.0,1.0,34.2,34.9,34.9,4.2,1.9,3.3425,0.8367619434875571,0.0013624982735613808,-0.5213392425946709,0.007473941352627197,-0.123493,-42.387023
11.185,2.0,1.0,1.0,34.2,34.9,34.9,4.2,1.9,3.345,0.8413309569637174,0.0013025106471955704,-0.5140582492179553,0.007424258328832263,-0.122919,-42.455282
11.185,2.0,1.0,1.0,34.2,34.9,34.9,4.2,1.9,3.3475,0.8458052038512266,0.0012438446137584623,-0.5067885746157512,0.007374651228546286,-0.12235,-42.523348
11.185,2.0,1.0,1.0,34.2,34.9,34.9,4.2,1.9,3.35,0.8501860315798321,0.0011864748732023827,-0.499530970305199,0.007325137862403138,-0.121785,-42.591215
11.185,2.0,1.0,1.0,34.2,34.9,34.9,4.2,1.9,3.3525,0.8544747716188299,0.0011303763876555964,-0.4922861575639153,0.007275735188900568,-0.121225,-42.65888
11.185,2.0,1.0,1.0,34.2,34.9,34.9,4.2,1.9,3.355,0.858672739398806,0.0010755243912823217,-0.4850548283728762,0.00722645934339991,-0.12067,-42.726339
11.185,2.0,1.0,1.0,34.2,34.9,34.9,4.2,1.9,3.3575,0.8627812342521548,0.0010218943991638326,-0.4778376463344237,0.007177325666388844,-0.12012,-42.793589
11.185,2.0,1.0,1.0,34.2,34.9,34.9,4.2,1.9,3.36,0.8668015393712903,0.0009694622152557597,-0.4706352475657671,0.007128348731010965,-0.119575,-42.860627
11.185,2.0,1.0,1.0,34.2,34.9,34.9,4.2,1.9,3.3625,0.8707349217834537,0.0009182039394752162,-0.463448241568476,0.007079542369867459,-0.119034,-42.927449
11.185,2.0,1.0,1.0,34.2,34.9,34.9,4.2,1.9,3.365,0.8745826323411373,0.0008680959739678637,-0.45627721207433536,0.007030919701097355,-0.118498,-42.994051
11.185,2.0,1.0,1.0,34.2,34.9,34.9,4.2,1.9,3.3675,0.8783459057271299,0.0008191150286037388,-0.4491227178680723,0.006982493153743484,-0.117967,-43.060431
11.185,2.0,1.0,1.0,34.2,34.9,34.9,4.2,1.9,3.37,0.8820259604732743,0.0007712381257477152,-0.4419852935873818,0.006934274492413192,-0.11744,-43.126586
11.185,2.0,1.0,1.0,34.2,34.9,34.9,4.2,1.9,3.3725,0.8856239989920689,0.000724442604348504,-0.4348654505006853,0.006886274841241991,-0.116918,-43.192513
11.185,2.0,1.0,1.0,34.2,34.9,34.9,4.2,1.9,3.375,0.889141207620247,0.000678706123388181,-0.427763677263145,0.00683850470717152,-0.1164,-43.258208
11.185,2.0,1.0,1.0,34.2,34.9,34.9,4.2,1.9,3.3775,0.8925787566735729,0.0006340066647319445,-0.42068044065132615,0.006790974002550987,-0.115887,-43.323669
11.185,2.0,1.0,1.0,34.2,34.9,34.9,4.2,1.9,3.38,0.8959378005120744,0.0005903225354159833,-0.41361618627701735,0.006743692067074464,-0.115379,-43.388893
11.185,2.0,1.0,1.0,34.2,34.9,34.9,4.2,1.9,3.3825,0.899219477614993,0.0005476323694096289,-0.40657133928066364,0.0066966676890648285,-0.114875,-43.453878
11.185,2.0,1.0,1.0,34.2,34.9,34.9,4.2,1.9,3.385,0.9024249106647834,0.0005059151288858192,-0.3995463050048416,0.0066499091261169666,-0.114375,-43.518622
11.185,2.0,1.0,1.0,34.2,34.9,34.9,4.2,1.9,3.3875,0.9055552066394914,0.00046515010503245637,-0.39254146964828546,0.006603424125112491,-0.11388,-43.58312
11.185,2.0,1.0,1.0,34.2,34.9,34.9,4.2,1.9,3.39,0.9086114569129061,0.00042531691843562504,-0.38555720090087625,0.00655721994161849,-0.113389,-43.647372
11.185,2.0,1.0,1.0,34.2,34.9,34.9,4.2,1.9,3.3925,0.9115947373618949,0.0003863955190637987,-0.3785938485600723,0.00651130335868352,-0.112902,-43.711375
11.185,2.0,1.0,1.0,34.2,34.9,34.9,4.2,1.9,3.395,0.9145061084803625,0.0003483661858809177,-0.3716517451292285,0.006465680705043784,-0.11242,-43.775126
11.185,2.0,1.0,1.0,34.2,34.9,34.9,4.2,1.9,3.3975,0.91734661549932,0.0003112095261145189,-0.36473120639822143,0.006420357872752697,-0.111942,-43.838623
11.185,2.0,1.0,1.0,34.2,34.9,34.9,4.2,1.9,3.4,0.9201172885125369,0.0002749064742040929,-0.3578325320068695,0.0063753403342472845,-0.111469,-43.901865
11.185,2.0,1.0,1.0,34.2,34.9,34.9,4.2,1.9,3.4025,0.9228191426073417,0.00023943829045295525,-0.35095600599151894,0.006330633158864488,-0.110999,-43.964849
11.185,2.0,1.0,1.0,34.2,34.9,34.9,4.2,1.9,3.405,0.9254531780000759,0.00020478655940618968,-0.34410189731529267,0.006286241028821275,-0.110534,-44.027573
11.185,2.0,1.0,1.0,34.2,34.9,34.9,4.2,1.9,3.4075,0.9280203801758238,0.00017093318797576038,-0.3372704603823527,0.006242168254671249,-0.110073,-44.090035
11.185,2.0,1.0,1.0,34.2,34.9,34.9,4.2,1.9,3.41,0.9305217200319789,0.00013786040333264738,-0.3304619355366524,0.00619841879025147,-0.109616,-44.152234
11.185,2.0,1.0,1.0,34.2,34.9,34.9,4.2,1.9,3.4125,0.9329581540252901,0.00010555075058502376,-0.3236765495455525,0.006154996247132741,-0.109164,-44.214167
11.185,2.0,1.0,1.0,34.2,34.9,34.9,4.2,1.9,3.415,0.9353306243220231,7.398709026008187e-05,-0.3169145160686991,0.00611190390858608,-0.108715,-44.275833
11.185,2.0,1.0,1.0,34.2,34.9,34.9,4.2,1.9,3.4175,0.9376400589508891,4.315259560664193e-05,-0.3101760361125989,0.0060691447430789415,-0.10827,-44.337231
11.185,2.0,1.0,1.0,34.2,34.9,34.9,4.2,1.9,3.42,0.9398873719584423,1.303074973389112e-05,-0.3034612984712139,0.0060267214173133875,-0.10783,-44.398357
11.185,2.0,1.0,1.0,34.2,34.9,34.9,4.2,1.9,3.4225,0.9420734635666227,-1.639465739823309e-05,-0.29677048015301977,0.005984636308819517,-0.107393,-44.459212
11.185,2.0,1.0,1.0,34.2,34.9,34.9,4.2,1.9,3.425,0.9441992203321717,-4.5139532123357384e-05,-0.29010374679486484,0.0059428915181162795,-0.10696,-44.519793
11.185,2.0,1.0,1.0,34.2,34.9,34.9,4.2,1.9,3.4275,0.9462655153076558,-7.321948033433085e-05,-0.2834612530629906,0.0059014888804521885,-0.106531,-44.5801
11.185,2.0,1.0,1.0,34.2,34.9,34.9,4.2,1.9,3.43,0.9482732082038351,-0.0001006498108576695,-0.27684314304160373,0.005860429977138001,-0.106106,-44.64013
11.185,2.0,1.0,1.0,34.2,34.9,34.9,4.2,1.9,3.4325,0.9502231455531556,-0.0001274455389251966,-0.2702495506093047,0.005819716146483304,-0.105685,-44.699882
11.185,2.0,1.0,1.0,34.2,34.9,34.9,4.2,1.9,3.435,0.9521161608741256,-0.00015362138973178534,-0.26368059980376246,0.005779348494348847,-0.105268,-44.759355
11.185,2.0,1.0,1.0,34.2,34.9,34.9,4.2,1.9,3.4375,0.9539530748363816,-0.00017919180206892328,-0.2571364051749257,0.005739327904325884,-0.104854,-44.818548
11.185,2.0,1.0,1.0,34.2,34.9,34.9,4.2,1.9,3.44,0.9557346954262418,-0.00020417093202442838,-0.2506170721271302,0.005699655047554066,-0.104444,-44.877459
11.185,2.0,1.0,1.0,34.2,34.9,34.9,4.2,1.9,3.4425,0.9574618181125589,-0.00022857265673912643,-0.24412269725041083,0.0056603303921887805,-0.104038,-44.936088
11.185,2.0,1.0,1.0,34.2,34.9,34.9,4.2,1.9,3.445,0.9591352260127122,-0.0002524105782121026,-0.23765336864131623,0.005621354212528681,-0.103636,-44.994434
11.185,2.0,1.0,1.0,34.2,34.9,34.9,4.2,1.9,3.4475,0.9607556900585624,-0.00027569802714650857,-0.2312091662135636,0.005582726597814166,-0.103237,-45.052494
11.185,2.0,1.0,1.0,34.2,34.9,34.9,4.2,1.9,3.45,0.9623239691622364,-0.0002984480668284721,-0.22479016199878718,0.005544447460706988,-0.102842,-45.110269
11.185,2.0,1.0,1.0,34.2,34.9,34.9,4.2,1.9,3.4525,0.9638408103815835,-0.0003206734970322264,-0.2183964204377099,0.005506516545461035,-0.10245,-45.167758
11.185,2.0,1.0,1.0,34.2,34.9,34.9,4.2,1.9,3.455,0.9653069490851841,-0.0003423868579447754,-0.21202799866200664,0.005468933435794443,-0.102062,-45.224958
11.185,2.0,1.0,1.0,34.2,34.9,34.9,4.2,1.9,3.4575,0.9667231091167885,-0.00036360043410440374,-0.2056849467671109,0.0054316975624721184,-0.101677,-45.281871
11.185,2.0,1.0,1.0,34.2,34.9,34.9,4.2,1.9,3.46,0.9680900029590627,-0.00038432625834700264,-0.19936730807628625,0.005394808210608576,-0.101296,-45.338494
11.185,2.0,1.0,1.0,34.2,34.9,34.9,4.2,1.9,3.4625,0.9694083318965478,-0.00040457611575523696,-0.19307511939615898,0.0053582645266998285,-0.100919,-45.394828
11.185,2.0,1.0,1.0,34.2,34.9,34.9,4.2,1.9,3.465,0.970678786177728,-0.00042436154760563553,-0.18680841126402536,0.0053220655253933425,-0.100545,-45.450871
11.185,2.0,1.0,1.0,34.2,34.9,34.9,4.2,1.9,3.4675,0.9719020451761161,-0.0004436938553089613,-0.18056720818714797,0.005286210096004883,-0.100174,-45.506623
11.185,2.0,1.0,1.0,34.2,34.9,34.9,4.2,1.9,3.47,0.9730787775502804,-0.00046258410433997697,-0.17435152887428124,0.005250697008790228,-0.099806,-45.562083
11.185,2.0,1.0,1.0,34.2,34.9,34.9,4.2,1.9,3.4725,0.9742096414027251,-0.0004810431281523158,-0.1681613864596879,0.005215524920980435,-0.099442,-45.617251
11.185,2.0,1.0,1.0,34.2,34.9,34.9,4.2,1.9,3.475,0.9752952844375644,-0.0004990815320753715,-0.16199678871983456,0.0051806923825882395,-0.099082,-45.672125
11.185,2.0,1.0,1.0,34.2,34.9,34.9,4.2,1.9,3.4775,0.9763363441169154,-0.000516709697189446,-0.1558577382830372,0.005146197841993539,-0.098724,-45.726707
11.185,2.0,1.0,1.0,34.2,34.9,34.9,4.2,1.9,3.48,0.9773334478159568,-0.0005339377841765941,-0.14974423283222246,0.005112039651315353,-0.09837,-45.780994
11.185,2.0,1.0,1.0,34.2,34.9,34.9,4.2,1.9,3.4825,0.9782872129765966,-0.0005507757371439263,-0.14365626530105124,0.00507821607157749,-0.098019,-45.834987
11.185,2.0,1.0,1.0,34.2,34.9,34.9,4.2,1.9,3.485,0.9791982472597011,-0.0005672332874172439,-0.1375938240635988,0.00504472527767535,-0.097672,-45.888686
11.185,2.0,1.0,1.0,34.2,34.9,34.9,4.2,1.9,3.4875,0.9800671486958343,-0.0005833199573024204,-0.13155689311777466,0.005011565363150184,-0.097327,-45.94209
11.185,2.0,1.0,1.0,34.2,34.9,34.9,4.2,1.9,3.49,0.9808945058344771,-0.0005990450638124777,-0.12554545226270356,0.004978734344777969,-0.096986,-45.995199
11.185,2.0,1.0,1.0,34.2,34.9,34.9,4.2,1.9,3.4925,0.981680897891682,-0.0006144177223585528,-0.11955947727022509,0.004946230166979033,-0.096648,-46.048012
11.185,2.0,1.0,1.0,34.2,34.9,34.9,4.2,1.9,3.495,0.9824268948961341,-0.000629446850402842,-0.11359894005071426,0.004914050706054913,-0.096313,-46.100529
11.185,2.0,1.0,1.0,34.2,34.9,34.9,4.2,1.9,3.4975,0.9831330578335881,-0.0006441411710720778,-0.10766380881340011,0.004882193774258338,-0.09598,-46.152751
11.185,2.0,1.0,1.0,34.2,34.9,34.9,4.2,1.9,3.5,0.98379993878966,-0.0006585092167302,-0.101754048221329,0.00485065712370232,-0.095651,-46.204677
