1,w,sub_t,h,l1,l2,l3,g1,g2,Freq,S11_re,S21_re,S11_img,S21_img,S11_dB,S21_dB
11.185,2.0,1.0,1.0,34.9,34.5,34.5,1.6,3.1,2.5,0.603309074646409,-0.0259891107003466,0.783360983048294,0.0100976734799186,-0.098227,-31.093572
11.185,2.0,1.0,1.0,34.9,34.5,34.5,1.6,3.1,2.5025,0.595907263082745,-0.026487899599059093,0.7888127728136157,0.009993339044050406,-0.099583,-30.961097
11.185,2.0,1.0,1.0,34.9,34.5,34.5,1.6,3.1,2.505,0.5884055336247248,-0.02699585198201606,0.79422797536437,0.009881603095488266,-0.100969,-30.827981
11.185,2.0,1.0,1.0,34.9,34.5,34.5,1.6,3.1,2.5075,0.5808028120618619,-0.027513139671405958,0.799605181986419,0.009762168368357988,-0.102387,-30.694214
11.185,2.0,1.0,1.0,34.9,34.5,34.5,1.6,3.1,2.51,0.5730980148910838,-0.02803993719867656,0.8049429403464404,0.0096347255299968,-0.103836,-30.559785
11.185,2.0,1.0,1.0,34.9,34.5,34.5,1.6,3.1,2.5125,0.5652900495821349,-0.028576421782933646,0.8102397530776702,0.009498952649448602,-0.105318,-30.424684
11.185,2.0,1.0,1.0,34.9,34.5,34.5,1.6,3.1,2.515,0.557377814870266,-0.02912277330228512,0.8154940763169912,0.00935451464022015,-0.106834,-30.288899
11.185,2.0,1.0,1.0,34.9,34.5,34.5,1.6,3.1,2.5175,0.5493602010779913,-0.029679174257439492,0.8207043181914991,0.009201062675920996,-0.108385,-30.152419
11.185,2.0,1.0,1.0,34.9,34.5,34.5,1.6,3.1,2.52,0.5412360904677513,-0.030245809726808,0.8258688372526577,0.009038233577329212,-0.109972,-30.015233
11.185,2.0,1.0,1.0,34.9,34.5,34.5,1.6,3.1,2.5225,0.5330043576275009,-0.03082286731229452,0.8309859408559942,0.008865649169337707,-0.111597,-29.877328
11.185,2.0,1.0,1.0,34.9,34.5,34.5,1.6,3.1,2.525,0.5246638698912981,-0.031410537074886925,0.8360538834842682,0.008682915606143713,-0.113259,-29.738694
11.185,2.0,1.0,1.0,34.9,34.5,34.5,1.6,3.1,2.5275,0.5162134877971454,-0.03200901145908325,0.8410708650119142,0.008489622662945716,-0.114961,-29.599318
11.185,2.0,1.0,1.0,34.9,34.5,34.5,1.6,3.1,2.53,0.507652065584472,-0.03261848520510417,0.8460350289084411,0.008285342992306701,-0.116703,-29.459187
11.185,2.0,1.0,1.0,34.9,34.5,34.5,1.6,3.1,2.5325,0.49897845173378813,-0.033239155247747114,0.8509444603784264,0.008069631343231434,-0.118488,-29.318288
11.185,2.0,1.0,1.0,34.9,34.5,34.5,1.6,3.1,2.535,0.4901914895512065,-0.03387122060064172,0.8557971844355681,0.007842023740884874,-0.120316,-29.17661
11.185,2.0,1.0,1.0,34.9,34.5,34.5,1.6,3.1,2.5375,0.48129001780071634,-0.034514882224548474,0.8605911639081664,0.007602036624752825,-0.122188,-29.034139
11.185,2.0,1.0,1.0,34.9,34.5,34.5,1.6,3.1,2.54,0.4722728713872567,-0.0351703428782299,0.8653242973732962,0.007349165942908398,-0.124107,-28.890861
11.185,2.0,1.0,1.0,34.9,34.5,34.5,1.6,3.1,2.5425,0.46313888209386384,-0.03583780695028768,0.8699944170167624,0.007082886199903546,-0.126073,-28.746763
11.185,2.0,1.0,1.0,34.9,34.5,34.5,1.6,3.1,2.545,0.4538868793763642,-0.036517480270214155,0.8745992864158294,0.006802649455649454,-0.128089,-28.601831
11.185,2.0,1.0,1.0,34.9,34.5,34.5,1.6,3.1,2.5475,0.44451569121933293,-0.037209569896752615,0.8791365982415277,0.006507884272483829,-0.130155,-28.45605
11.185,2.0,1.0,1.0,34.9,34.5,34.5,1.6,3.1,2.55,0.43502414505726855,-0.03791428388148714,0.8836039718772146,0.006197994607445204,-0.132274,-28.309407
11.185,2.0,1.0,1.0,34.9,34.5,34.5,1.6,3.1,2.5525,0.42541106876523394,-0.038631831005392546,0.8879989509498728,0.005872358646586415,-0.134447,-28.161886
11.185,2.0,1.0,1.0,34.9,34.5,34.5,1.6,3.1,2.555,0.41567529172347084,-0.03936242048586993,0.8923190007704671,0.005530327577955049,-0.136676,-28.013471
11.185,2.0,1.0,1.0,34.9,34.5,34.5,1.6,3.1,2.5575,0.40581564596082437,-0.04010626165156654,0.8965615056794816,0.005171224299652836,-0.138964,-27.864148
11.185,2.0,1.0,1.0,34.9,34.5,34.5,1.6,3.1,2.56,0.39583096738217294,-0.04086356358202858,0.900723766293559,0.004794342059154349,-0.141312,-27.713901
11.185,2.0,1.0,1.0,34.9,34.5,34.5,1.6,3.1,2.5625,0.38572009708537863,-0.0416345347089638,0.9048029966489325,0.004398943019816148,-0.143722,-27.562713
11.185,2.0,1.0,1.0,34.9,34.5,34.5,1.6,3.1,2.565,0.3754818827737176,-0.0424193823755892,0.9087963212371384,0.003984256750242704,-0.146196,-27.410568
11.185,2.0,1.0,1.0,34.9,34.5,34.5,1.6,3.1,2.5675,0.3651151802701555,-0.04321831235021124,0.9127007719282247,0.0035494786318912915,-0.148737,-27.257448
11.185,2.0,1.0,1.0,34.9,34.5,34.5,1.6,3.1,2.57,0.3546188551403001,-0.04403152828982036,0.9165132847764134,0.003093768179992326,-0.151348,-27.103337
11.185,2.0,1.0,1.0,34.9,34.5,34.5,1.6,3.1,2.5725,0.3439917844313739,-0.04485923114908537,0.9202306967029082,0.0026162472725364686,-0.15403,-26.948217
11.185,2.0,1.0,1.0,34.9,34.5,34.5,1.6,3.1,2.575,0.33323285853509216,-0.04570161852969042,0.9238497420502111,0.002115998281730614,-0.156786,-26.792068
11.185,2.0,1.0,1.0,34.9,34.5,34.5,1.6,3.1,2.5775,0.3223409831829605,-0.046558883964474065,0.9273670490020157,0.0015920621019501727,-0.15962,-26.634874
11.185,2.0,1.0,1.0,34.9,34.5,34.5,1.6,3.1,2.58,0.31131508158311855,-0.04743121613029261,0.9307791358623928,0.0010434360678151472,-0.162534,-26.476614
11.185,2.0,1.0,1.0,34.9,34.5,34.5,1.6,3.1,2.5825,0.3001540967085846,-0.04831879798294236,0.9340824071876052,0.00046907175558751936,-0.16553,-26.317268
11.185,2.0,1.0,1.0,34.9,34.5,34.5,1.6,3.1,2.585,0.28885699374755963,-0.049221805806820104,0.9372731497635042,-0.00013212733937147778,-0.168614,-26.156818
11.185,2.0,1.0,1.0,34.9,34.5,34.5,1.6,3.1,2.5875,0.27742276272724353,-0.05014040817128098,0.94034752842106,-0.0007613082568383077,-0.171786,-25.995242
11.185,2.0,1.0,1.0,34.9,34.5,34.5,1.6,3.1,2.59,0.26585042132362274,-0.05107476478485241,0.9433015816820717,-0.0014196711659388167,-0.175052,-25.832518
11.185,2.0,1.0,1.0,34.9,34.5,34.5,1.6,3.1,2.5925,0.2541390178706315,-0.0520250252375818,0.9461312172266899,-0.0021084721081804183,-0.178415,-25.668626
11.185,2.0,1.0,1.0,34.9,34.5,34.5,1.6,3.1,2.595,0.2422876345832894,-0.05299132762081204,0.9488322071738161,-0.002829025898751906,-0.181878,-25.503544
11.185,2.0,1.0,1.0,34.9,34.5,34.5,1.6,3.1,2.5975,0.23029539101057056,-0.05397379701259531,0.9514001831649069,-0.0035827091961867746,-0.185446,-25.337247
11.185,2.0,1.0,1.0,34.9,34.5,34.5,1.6,3.1,2.6,0.21816144773518703,-0.05497254381574556,0.9538306312411399,-0.004370963751173234,-0.189123,-25.169713
11.185,2.0,1.0,1.0,34.9,34.5,34.5,1.6,3.1,2.6025,0.2058850103389252,-0.055987661934192155,0.9561188865032311,-0.005195299846032055,-0.192914,-25.000918
11.185,2.0,1.0,1.0,34.9,34.5,34.5,1.6,3.1,2.605,0.19346533365383364,-0.05701922677180435,0.9582601275425557,-0.006057299937171416,-0.196824,-24.830836
11.185,2.0,1.0,1.0,34.9,34.5,34.5,1.6,3.1,2.6075,0.18090172632137688,-0.058067293036197724,0.9602493706314711,-0.006958622513665318,-0.200856,-24.659443
11.185,2.0,1.0,1.0,34.9,34.5,34.5,1.6,3.1,2.61,0.168193555683717,-0.05913189232818396,0.9620814636600026,-0.007901006185995627,-0.205018,-24.486712
11.185,2.0,1.0,1.0,34.9,34.5,34.5,1.6,3.1,2.6125,0.15534025303346846,-0.060213030495467064,0.9637510798052232,-0.008886274019950131,-0.209314,-24.312616
11.185,2.0,1.0,1.0,34.9,34.5,34.5,1.6,3.1,2.615,0.14234131925079274,-0.06131068472688604,0.9652527109187768,-0.009916338131675972,-0.21375,-24.137128
11.185,2.0,1.0,1.0,34.9,34.5,34.5,1.6,3.1,2.6175,0.12919633085943638,-0.06242480036093595,0.9665806606171142,-0.01099320456095673,-0.218332,-23.960218
11.185,2.0,1.0,1.0,34.9,34.5,34.5,1.6,3.1,2.62,0.11590494653637776,-0.06355528737942932,0.9677290370579759,-0.012118978440913721,-0.223068,-23.781858
11.185,2.0,1.0,1.0,34.9,34.5,34.5,1.6,3.1,2.6225,0.10246691411314313,-0.06470201655394238,0.968691745385712,-0.013295869483521648,-0.227964,-23.602017
11.185,2.0,1.0,1.0,34.9,34.5,34.5,1.6,3.1,2.625,0.0888820781106962,-0.065864815209093,0.969462479826849,-0.0145261978015792,-0.233028,-23.420665
11.185,2.0,1.0,1.0,34.9,34.5,34.5,1.6,3.1,2.6275,0.0751503878539824,-0.06704346256266153,0.9700347154162916,-0.015812400089087904,-0.238267,-23.237768
11.185,2.0,1.0,1.0,34.9,34.5,34.5,1.6,3.1,2.63,0.06127190621701328,-0.06823768459803643,0.9704016993332728,-0.017157036183351966,-0.243689,-23.053294
11.185,2.0,1.0,1.0,34.9,34.5,34.5,1.6,3.1,2.6325,0.04724681905464521,-0.06944714841937906,0.9705564418250464,-0.018562796033523274,-0.249305,-22.867209
11.185,2.0,1.0,1.0,34.9,34.5,34.5,1.6,3.1,2.635,0.03307544538317721,-0.07067145603418379,0.9704917066949759,-0.020032507101764272,-0.255122,-22.679477
11.185,2.0,1.0,1.0,34.9,34.5,34.5,1.6,3.1,2.6375,0.018758248378565087,-0.07191013750147338,0.9702000013305183,-0.021569142224671357,-0.261151,-22.490062
11.185,2.0,1.0,1.0,34.9,34.5,34.5,1.6,3.1,2.64,0.004295847268510321,-0.07316264337662118,0.9696735662452425,-0.023175827964087032,-0.267404,-22.298927
11.185,2.0,1.0,1.0,34.9,34.5,34.5,1.6,3.1,2.6425,-0.010310969796814338,-0.07442833637561512,0.9689043641078547,-0.024855853477884854,-0.27389,-22.106033
11.185,2.0,1.0,1.0,34.9,34.5,34.5,1.6,3.1,2.645,-0.0250612318012227,-0.07570648217235766,0.9678840682300003,-0.02661267994273351,-0.280622,-21.911339
11.185,2.0,1.0,1.0,34.9,34.5,34.5,1.6,3.1,2.6475,-0.03995376974119421,-0.07699623923217376,0.9666040504835289,-0.028449950562169476,-0.287614,-21.714806
11.185,2.0,1.0,1.0,34.9,34.5,34.5,1.6,3.1,2.65,-0.05498720020983083,-0.07829664757291974,0.9650553686169506,-0.030371501194503856,-0.294879,-21.516389
11.185,2.0,1.0,1.0,34.9,34.5,34.5,1.6,3.1,2.6525,-0.07015990755536002,-0.07960661633175327,0.9632287529401359,-0.03238137163606169,-0.302431,-21.316044
11.185,2.0,1.0,1.0,34.9,34.5,34.5,1.6,3.1,2.655,-0.08547002446816188,-0.08092491000052536,0.9611145923458032,-0.03448381759596174,-0.310287,-21.113727
11.185,2.0,1.0,1.0,34.9,34.5,34.5,1.6,3.1,2.6575,-0.1009154108326981,-0.08225013317563883,0.9587029196363933,-0.03668332339893438,-0.318463,-20.90939
11.185,2.0,1.0,1.0,34.9,34.5,34.5,1.6,3.1,2.66,-0.11649363066098094,-0.08358071364879331,0.9559833961253522,-0.03898461545245572,-0.326978,-20.702983
11.185,2.0,1.0,1.0,34.9,34.5,34.5,1.6,3.1,2.6625,-0.13220192690168808,-0.08491488364298574,0.9529452954830943,-0.04139267651355005,-0.335851,-20.494457
11.185,2.0,1.0,1.0,34.9,34.5,34.5,1.6,3.1,2.665,-0.14803719389357767,-0.08625065897307521,0.9495774868000179,-0.04391276078879478,-0.345102,-20.28376
11.185,2.0,1.0,1.0,34.9,34.5,34.5,1.6,3.1,2.6675,-0.16399594720276356,-0.08758581588171967,0.9458684168422217,-0.04655040989805838,-0.354756,-20.070837
11.185,2.0,1.0,1.0,34.9,34.5,34.5,1.6,3.1,2.67,-0.18007429055051158,-0.08891786526906617,0.9418060914803651,-0.04931146972802765,-0.364835,-19.855631
11.185,2.0,1.0,1.0,34.9,34.5,34.5,1.6,3.1,2.6725,-0.19626787950063254,-0.09024402399764944,0.9373780562787931,-0.05220210819518599,-0.375366,-19.638087
11.185,2.0,1.0,1.0,34.9,34.5,34.5,1.6,3.1,2.675,-0.21257188153279563,-0.09156118291188518,0.9325713762411979,-0.055228833929101766,-0.386377,-19.418142
11.185,2.0,1.0,1.0,34.9,34.5,34.5,1.6,3.1,2.6775,-0.22898093207939793,-0.09286587116360684,0.9273726147211975,-0.0583985158750465,-0.397899,-19.195735
11.185,2.0,1.0,1.0,34.9,34.5,34.5,1.6,3.1,2.68,-0.24548908604810993,-0.09415421638043428,0.9217678115222881,-0.061718403799278426,-0.409964,-18.970802
11.185,2.0,1.0,1.0,34.9,34.5,34.5,1.6,3.1,2.6825,-0.26208976428889114,-0.09542190015143916,0.9157424602324595,-0.06519614965982896,-0.422609,-18.743276
11.185,2.0,1.0,1.0,34.9,34.5,34.5,1.6,3.1,2.685,-0.2787756943921649,-0.09666410823350413,0.9092814848656523,-0.06883982977909893,-0.435872,-18.513088
11.185,2.0,1.0,1.0,34.9,34.5,34.5,1.6,3.1,2.6875,-0.295538845122506,-0.0978754748007496,0.902369215916776,-0.072657967720477,-0.449796,-18.280166
11.185,2.0,1.0,1.0,34.9,34.5,34.5,1.6,3.1,2.69,-0.31237035369845967,-0.0990500199670504,0.894989365980989,-0.07665955772764547,-0.464427,-18.044437
11.185,2.0,1.0,1.0,34.9,34.5,34.5,1.6,3.1,2.6925,-0.32926044502233687,-0.10018107970649913,0.8871250051437927,-0.08085408852991469,-0.479814,-17.805823
11.185,2.0,1.0,1.0,34.9,34.5,34.5,1.6,3.1,2.695,-0.34619834184222037,-0.10126122717699074,0.8787585364191555,-0.08525156724684145,-0.496011,-17.564246
11.185,2.0,1.0,1.0,34.9,34.5,34.5,1.6,3.1,2.6975,-0.36317216469040414,-0.10228218431612529,0.869871671601996,-0.08986254303698722,-0.51308,-17.319624
11.185,2.0,1.0,1.0,34.9,34.5,34.5,1.6,3.1,2.7,-0.3801688202857094,-0.10323472242439381,0.8604454080135259,-0.09469813002433924,-0.531084,-17.071872
11.185,2.0,1.0,1.0,34.9,34.5,34.5,1.6,3.1,2.7025,-0.39717387690988837,-0.10410855027610681,0.8504600067587629,-0.09977002889611297,-0.550096,-16.820902
11.185,2.0,1.0,1.0,34.9,34.5,34.5,1.6,3.1,2.705,-0.41417142506821575,-0.10489218810172386,0.8398949732921555,-0.10509054639030936,-0.570195,-16.566624
11.185,2.0,1.0,1.0,34.9,34.5,34.5,1.6,3.1,2.7075,-0.4311439215196814,-0.10557282556418872,0.8287290413083542,-0.11067261167187663,-0.591465,-16.308946
11.185,2.0,1.0,1.0,34.9,34.5,34.5,1.6,3.1,2.71,-0.448072014510914,-0.10613616160493836,0.8169401612516998,-0.11652978832177492,-0.614003,-16.047771
11.185,2.0,1.0,1.0,34.9,34.5,34.5,1.6,3.1,2.7125,-0.46493434776922576,-0.10656622376129156,0.8045054950834671,-0.12267628032031097,-0.637915,-15.783002
11.185,2.0,1.0,1.0,34.9,34.5,34.5,1.6,3.1,2.715,-0.48170734050335284,-0.10684516425577015,0.7914014193770856,-0.1291269299781312,-0.663315,-15.514536
11.185,2.0,1.0,1.0,34.9,34.5,34.5,1.6,3.1,2.7175,-0.49836494032715045,-0.10695302983085776,0.77760353934917,-0.13589720523473986,-0.690332,-15.242271
11.185,2.0,1.0,1.0,34.9,34.5,34.5,1.6,3.1,2.72,-0.5148783456649356,-0.10686750195337155,0.7630867171039603,-0.14300317307991756,-0.71911,-14.966102
11.185,2.0,1.0,1.0,34.9,34.5,34.5,1.6,3.1,2.7225,-0.5312156938246045,-0.10656360364807554,0.7478251182020095,-0.15046145502680439,-0.749807,-14.68592
11.185,2.0,1.0,1.0,34.9,34.5,34.5,1.6,3.1,2.725,-0.547341710547881,-0.10601336885250738,0.7317922816996935,-0.15828915953829933,-0.7826,-14.401617
11.185,2.0,1.0,1.0,34.9,34.5,34.5,1.6,3.1,2.7275,-0.5632173164859039,-0.10518546983367172,0.7149612200911046,-0.16650378503431593,-0.817687,-14.113083
11.185,2.0,1.0,1.0,34.9,34.5,34.5,1.6,3.1,2.73,-0.5787991857323184,-0.10404479790216928,0.6973045571755907,-0.17512308552963993,-0.855288,-13.820208
11.185,2.0,1.0,1.0,34.9,34.5,34.5,1.6,3.1,2.7325,-0.5940392513203769,-0.10255199244508938,0.678794713840999,-0.1841648890030633,-0.895651,-13.522883
11.185,2.0,1.0,1.0,34.9,34.5,34.5,1.6,3.1,2.735,-0.608884152520566,-0.10066291324096381,0.6594041541758776,-0.19364685619765426,-0.939055,-13.221
11.185,2.0,1.0,1.0,34.9,34.5,34.5,1.6,3.1,2.7375,-0.6232746189557099,-0.09832805121220664,0.6391057072982816,-0.20358616460601933,-0.985813,-12.914454
11.185,2.0,1.0,1.0,34.9,34.5,34.5,1.6,3.1,2.74,-0.6371447871155749,-0.09549187334623696,0.6178729839222863,-0.21399909879663415,-1.036278,-12.603145
11.185,2.0,1.0,1.0,34.9,34.5,34.5,1.6,3.1,2.7425,-0.650421445991478,-0.09209209866316723,0.5956809110943667,-0.224900523870934,-1.090853,-12.286977
11.185,2.0,1.0,1.0,34.9,34.5,34.5,1.6,3.1,2.745,-0.6630232105250282,-0.08805890408545466,0.5725064138442478,-0.23630321358411827,-1.149989,-11.965867
11.185,2.0,1.0,1.0,34.9,34.5,34.5,1.6,3.1,2.7475,-0.6748596247338896,-0.08331406223007598,0.5483292788251246,-0.24821699840102326,-1.214205,-11.639741
11.185,2.0,1.0,1.0,34.9,34.5,34.5,1.6,3.1,2.75,-0.685830201229642,-0.0777700179808096,0.523133242455837,-0.260647691404856,-1.284087,-11.30854
11.185,2.0,1.0,1.0,34.9,34.5,34.5,1.6,3.1,2.7525,-0.6958234110331395,-0.07132891785578002,0.4969073546491409,-0.27359574150661115,-1.360309,-10.972226
11.185,2.0,1.0,1.0,34.9,34.5,34.5,1.6,3.1,2.755,-0.7047156479852826,-0.06388161651934024,0.46964767882309905,-0.2870545539107937,-1.443639,-10.630784
11.185,2.0,1.0,1.0,34.9,34.5,34.5,1.6,3.1,2.7575,-0.712370206765041,-0.05530669940555994,0.4413593992463648,-0.30100840757935166,-1.534962,-10.284232
11.185,2.0,1.0,1.0,34.9,34.5,34.5,1.6,3.1,2.76,-0.7186363339762822,-0.04546958072266174,0.41205941722124334,-0.31542988914017395,-1.635296,-9.932624
11.185,2.0,1.0,1.0,34.9,34.5,34.5,1.6,3.1,2.7625,-0.723348439679484,-0.03422176380306123,0.38177952697995876,-0.3302767534833249,-1.745813,-9.576062
11.185,2.0,1.0,1.0,34.9,34.5,34.5,1.6,3.1,2.765,-0.7263255941361667,-0.021400387840594316,0.35057026846196426,-0.3454881151622301,-1.867872,-9.214706
11.185,2.0,1.0,1.0,34.9,34.5,34.5,1.6,3.1,2.7675,-0.7273714835696844,-0.006828233652663138,0.3185055541551908,-0.3609798748418055,-2.003045,-8.848787
11.185,2.0,1.0,1.0,34.9,34.5,34.5,1.6,3.1,2.77,-0.7262750614398341,0.009685576797735171,0.28568815603308717,-0.3766392962593657,-2.153163,-8.478616
11.185,2.0,1.0,1.0,34.9,34.5,34.5,1.6,3.1,2.7725,-0.7228122093380899,0.028343875560478286,0.25225610913759366,-0.3923186785873111,-2.320352,-8.104611
11.185,2.0,1.0,1.0,34.9,34.5,34.5,1.6,3.1,2.775,-0.7167488135677349,0.04935833601466321,0.21839003050687525,-0.4078281266510924,-2.507097,-7.727304
11.185,2.0,1.0,1.0,34.9,34.5,34.5,1.6,3.1,2.7775,-0.70784576564277,0.07294444885145535,0.18432125259450532,-0.4229275203554788,-2.7163,-7.347373
11.185,2.0,1.0,1.0,34.9,34.5,34.5,1.6,3.1,2.78,-0.6958664969801281,0.09931398254471699,0.15034051259505932,-0.43731794120070716,-2.951356,-6.965658
11.185,2.0,1.0,1.0,34.9,34.5,34.5,1.6,3.1,2.7825,-0.6805877397784209,0.12866424377463592,0.11680670494734098,-0.45063304593182785,-3.216242,-6.58319
11.185,2.0,1.0,1.0,34.9,34.5,34.5,1.6,3.1,2.785,-0.6618142329733138,0.16116342746000287,0.08415487744826321,-0.4624312011930157,-3.515618,-6.201214
11.185,2.0,1.0,1.0,34.9,34.5,34.5,1.6,3.1,2.7875,-0.639398011089811,0.19693142744781075,0.05290222499749104,-0.47218961522414893,-3.854946,-5.821216
11.185,2.0,1.0,1.0,34.9,34.5,34.5,1.6,3.1,2.79,-0.6132626509961167,0.2360157405383716,0.023650324222266744,-0.4793022078664795,-4.240615,-5.444942
11.185,2.0,1.0,1.0,34.9,34.5,34.5,1.6,3.1,2.7925,-0.5834323171487479,0.2783626272326256,-0.002918686965834963,-0.4830834927955622,-4.680082,-5.074416
11.185,2.0,1.0,1.0,34.9,34.5,34.5,1.6,3.1,2.795,-0.5500645514935261,0.3237845796172693,-0.026054729278939568,-0.48278118769175893,-5.181994,-4.711936
11.185,2.0,1.0,1.0,34.9,34.5,34.5,1.6,3.1,2.7975,-0.5134844506977261,0.3719264381869155,-0.04496410216834372,-0.4776004194249247,-5.75628,-4.360073
11.185,2.0,1.0,1.0,34.9,34.5,34.5,1.6,3.1,2.8,-0.4742162137174922,0.4222341419879726,-0.05884798631903687,-0.46674197229636094,-6.414102,-4.021626
11.185,2.0,1.0,1.0,34.9,34.5,34.5,1.6,3.1,2.8025,-0.43300626151972404,0.47393185695005985,-0.06695629806046145,-0.44945572248518295,-7.167495,-3.699569
11.185,2.0,1.0,1.0,34.9,34.5,34.5,1.6,3.1,2.805,-0.39083071106122896,0.5260146266067091,-0.06865561822628789,-0.4251079743889666,-8.028236,-3.396961
11.185,2.0,1.0,1.0,34.9,34.5,34.5,1.6,3.1,2.8075,-0.348879651357395,0.5772640105877439,-0.06350636527378715,-0.39325789488473567,-9.004918,-3.116821
11.185,2.0,1.0,1.0,34.9,34.5,34.5,1.6,3.1,2.81,-0.30851222779188847,0.6262926212211589,-0.05134023773954624,-0.3537341406820713,-10.095918,-2.861985
11.185,2.0,1.0,1.0,34.9,34.5,34.5,1.6,3.1,2.8125,-0.271180531822376,0.671619505374484,-0.0323253284288669,-0.306699196834723,-11.273554,-2.634942
11.185,2.0,1.0,1.0,34.9,34.5,34.5,1.6,3.1,2.815,-0.23832652122789108,0.7117721453315307,-0.007004764663127772,-0.25268742838398905,-12.452802,-2.437668
11.185,2.0,1.0,1.0,34.9,34.5,34.5,1.6,3.1,2.8175,-0.21126338467555023,0.7454037371413068,0.023703302931036504,-0.19260481650548747,-13.449186,-2.27148
11.185,2.0,1.0,1.0,34.9,34.5,34.5,1.6,3.1,2.82,-0.19105867326914577,0.7714085679739096,0.05855053945680511,-0.12768431123036464,-13.986835,-2.136927
11.185,2.0,1.0,1.0,34.9,34.5,34.5,1.6,3.1,2.8225,-0.17843871421114688,0.7890161662215781,0.0960452940318119,-0.05939962912492806,-13.865274,-2.033738
11.185,2.0,1.0,1.0,34.9,34.5,34.5,1.6,3.1,2.825,-0.1737308505706699,0.7978478658566428,0.13456933669408863,0.010650409742066042,-13.16131,-1.960824
11.185,2.0,1.0,1.0,34.9,34.5,34.5,1.6,3.1,2.8275,-0.17685239457828353,0.7979270277726185,0.17250570404893606,0.08086839431949959,-12.144211,-1.916356
11.185,2.0,1.0,1.0,34.9,34.5,34.5,1.6,3.1,2.83,-0.18734524341023248,0.7896440086762949,0.2083573119736247,0.14977553223882908,-11.050694,-1.897874
11.185,2.0,1.0,1.0,34.9,34.5,34.5,1.6,3.1,2.8325,-0.20444615248496417,0.773685826394071,0.24083970811123814,0.21610310620803727,-10.008608,-1.902449
11.185,2.0,1.0,1.0,34.9,34.5,34.5,1.6,3.1,2.835,-0.2271773148146892,0.7509457457679882,0.26893862759783177,0.2788489609346831,-9.067972,-1.92684
11.185,2.0,1.0,1.0,34.9,34.5,34.5,1.6,3.1,2.8375,-0.25444109734363235,0.722428776528479,0.291931151570667,0.3372978632185252,-8.240128,-1.967661
11.185,2.0,1.0,1.0,34.9,34.5,34.5,1.6,3.1,2.84,-0.28510574115068527,0.6891661280204608,0.30937581147978505,0.3910110484104745,-7.5203,-2.021513
11.185,2.0,1.0,1.0,34.9,34.5,34.5,1.6,3.1,2.8425,-0.3180737559011773,0.6521467780257874,0.3210806498410604,0.43979388228715227,-6.898088,-2.0851
11.185,2.0,1.0,1.0,34.9,34.5,34.5,1.6,3.1,2.845,-0.35232980363093214,0.6122692933777879,0.327059023923596,0.48365131752435936,-6.361927,-2.155309
11.185,2.0,1.0,1.0,34.9,34.5,34.5,1.6,3.1,2.8475,-0.38696884433756595,0.5703131034055664,0.327481636254459,0.5227395170526711,-5.900853,-2.229259
11.185,2.0,1.0,1.0,34.9,34.5,34.5,1.6,3.1,2.85,-0.4212077384684813,0.5269260338456078,0.32263095424761407,0.5573197030930874,-5.505113,-2.304334
11.185,2.0,1.0,1.0,34.9,34.5,34.5,1.6,3.1,2.8525,-0.45438448490965405,0.4826239420151709,0.3128617230667077,0.5877178439275472,-5.1663,-2.378182
11.185,2.0,1.0,1.0,34.9,34.5,34.5,1.6,3.1,2.855,-0.4859492237548071,0.4377983502884421,0.2985692147882295,0.6142917376400592,-4.87729,-2.448711
11.185,2.0,1.0,1.0,34.9,34.5,34.5,1.6,3.1,2.8575,-0.5154505040399218,0.39272860549286404,0.28016539879651187,0.6374055952089996,-4.63212,-2.514076
11.185,2.0,1.0,1.0,34.9,34.5,34.5,1.6,3.1,2.86,-0.5425194718115712,0.3475959370369017,0.25806234813259515,0.6574113479672846,-4.425848,-2.57265
11.185,2.0,1.0,1.0,34.9,34.5,34.5,1.6,3.1,2.8625,-0.5668538073298154,0.3024976162053703,0.23266179182193478,0.6746354839454888,-4.254424,-2.623003
11.185,2.0,1.0,1.0,34.9,34.5,34.5,1.6,3.1,2.865,-0.5882025504016568,0.2574601179120246,0.20434963574050038,0.6893701059689658,-4.114583,-2.66388
11.185,2.0,1.0,1.0,34.9,34.5,34.5,1.6,3.1,2.8675,-0.6063524380803857,0.21245071927915485,0.173494374315259,0.7018669718956939,-4.00375,-2.694175
11.185,2.0,1.0,1.0,34.9,34.5,34.5,1.6,3.1,2.87,-0.6211160320789942,0.16738734772869768,0.14044850640736004,0.7123334284659303,-3.919975,-2.712913
11.185,2.0,1.0,1.0,34.9,34.5,34.5,1.6,3.1,2.8725,-0.6323217074753907,0.12214674662846216,0.10555228901065254,0.7209293232852085,-3.861877,-2.719232
11.185,2.0,1.0,1.0,34.9,34.5,34.5,1.6,3.1,2.875,-0.639805479270214,0.0765711962717663,0.0691393763285517,0.727764140105602,-3.828619,-2.712374
11.185,2.0,1.0,1.0,34.9,34.5,34.5,1.6,3.1,2.8775,-0.6434046334080621,0.03047414739358209,0.03154408146108284,0.732893735803952,-3.81989,-2.691678
11.185,2.0,1.0,1.0,34.9,34.5,34.5,1.6,3.1,2.88,-0.6429531863165167,-0.016354775740064373,-0.006889844802598234,0.7363161613094322,-3.835914,-2.656571
11.185,2.0,1.0,1.0,34.9,34.5,34.5,1.6,3.1,2.8825,-0.6382793127627205,-0.06414483921326183,-0.04579890355693646,0.7379661303457113,-3.877482,-2.606583
11.185,2.0,1.0,1.0,34.9,34.5,34.5,1.6,3.1,2.885,-0.6292050544806066,-0.11313863121740707,-0.0847879152405548,0.7377077740741274,-3.946001,-2.541346
11.185,2.0,1.0,1.0,34.9,34.5,34.5,1.6,3.1,2.8875,-0.6155488559979646,-0.16358497794627377,-0.12341635652536911,0.7353254101136558,-4.043583,-2.460621
11.185,2.0,1.0,1.0,34.9,34.5,34.5,1.6,3.1,2.89,-0.5971317763545706,-0.21572921012136512,-0.16118292447833593,0.7305121965127055,-4.17316,-2.364319
11.185,2.0,1.0,1.0,34.9,34.5,34.5,1.6,3.1,2.8925,-0.5737885995568713,-0.2697993231800109,-0.19750848151510975,0.7228567879017085,-4.338656,-2.252542
11.185,2.0,1.0,1.0,34.9,34.5,34.5,1.6,3.1,2.895,-0.5453855019858257,-0.3259861853832881,-0.23171793058763906,0.7118285390312477,-4.545215,-2.12563
11.185,2.0,1.0,1.0,34.9,34.5,34.5,1.6,3.1,2.8975,-0.5118463869679755,-0.3844155377672033,-0.2630222686006559,0.6967625164927319,-4.799524,-1.984225
11.185,2.0,1.0,1.0,34.9,34.5,34.5,1.6,3.1,2.9,-0.4731903537302863,-0.4451092091771662,-0.2905031999003582,0.6768467172256211,-5.110248,-1.829349
11.185,2.0,1.0,1.0,34.9,34.5,34.5,1.6,3.1,2.9025,-0.42958280087207257,-0.5079329666784604,-0.31310440312559645,0.6511155947956565,-5.488651,-1.662491
11.185,2.0,1.0,1.0,34.9,34.5,34.5,1.6,3.1,2.905,-0.3814019613761479,-0.5725291453515868,-0.32963592236164796,0.6184563485420803,-5.949487,-1.485717
11.185,2.0,1.0,1.0,34.9,34.5,34.5,1.6,3.1,2.9075,-0.32932057473847703,-0.6382342974879933,-0.338801090479643,0.5776373278087232,-6.512314,-1.301772
11.185,2.0,1.0,1.0,34.9,34.5,34.5,1.6,3.1,2.91,-0.2743980461479483,-0.703986433216823,-0.3392583278295821,0.5273707831148381,-7.203547,-1.11418
11.185,2.0,1.0,1.0,34.9,34.5,34.5,1.6,3.1,2.9125,-0.21817095488128582,-0.7682338422683479,-0.32973170395414025,0.4664236771057616,-8.059811,-0.927315
11.185,2.0,1.0,1.0,34.9,34.5,34.5,1.6,3.1,2.915,-0.16271895491262606,-0.828868168212065,-0.30918173759103124,0.3937878076631294,-9.133882,-0.746408
11.185,2.0,1.0,1.0,34.9,34.5,34.5,1.6,3.1,2.9175,-0.11067068775876973,-0.8832166126760482,-0.27703791110327947,0.3089105103785312,-10.506197,-0.577452
11.185,2.0,1.0,1.0,34.9,34.5,34.5,1.6,3.1,2.92,-0.06510555702886499,-0.9281366422865021,-0.23347348011887364,0.21196645679656428,-12.310025,-0.426957
11.185,2.0,1.0,1.0,34.9,34.5,34.5,1.6,3.1,2.9225,-0.029311527540067408,-0.9602520056141146,-0.17967181319990488,0.104120058701623,-14.796327,-0.301533
11.185,2.0,1.0,1.0,34.9,34.5,34.5,1.6,3.1,2.925,-0.006387228708712646,-0.9763406700397468,-0.11800075568735963,-0.01230421821406461,-18.549598,-0.207283
11.185,2.0,1.0,1.0,34.9,34.5,34.5,1.6,3.1,2.9275,0.001268001978379842,-0.9738301742850207,-0.05199733395032731,-0.13383992141964055,-25.677797,-0.149067
11.185,2.0,1.0,1.0,34.9,34.5,34.5,1.6,3.1,2.93,-0.0075348671110200185,-0.9512890905798733,0.013906792556654285,-0.2561529147600637,-36.017594,-0.129753
11.185,2.0,1.0,1.0,34.9,34.5,34.5,1.6,3.1,2.9325,-0.03241623994497552,-0.9087611260668496,0.07491020534021899,-0.374561427167342,-21.763725,-0.149586
11.185,2.0,1.0,1.0,34.9,34.5,34.5,1.6,3.1,2.935,-0.07135479768739271,-0.8478096365442191,0.12650571637598082,-0.48468970642930964,-16.758163,-0.205858
11.185,2.0,1.0,1.0,34.9,34.5,34.5,1.6,3.1,2.9375,-0.120939451328961,-0.771232020861478,0.165102590859313,-0.583073972413719,-13.779392,-0.292933
11.185,2.0,1.0,1.0,34.9,34.5,34.5,1.6,3.1,2.94,-0.17686460716511765,-0.6825229643048897,0.18843678898866062,-0.6675494622745488,-11.752917,-0.402624
11.185,2.0,1.0,1.0,34.9,34.5,34.5,1.6,3.1,2.9425,-0.2345040404634071,-0.5852459477341293,0.19568782700513357,-0.7373336731859108,-10.301841,-0.524811
11.185,2.0,1.0,1.0,34.9,34.5,34.5,1.6,3.1,2.945,-0.2893950334046945,-0.4824738376252594,0.18733536535264758,-0.7928303910123938,-9.250226,-0.648148
11.185,2.0,1.0,1.0,34.9,34.5,34.5,1.6,3.1,2.9475,-0.33752705786603854,-0.37639539410022327,0.16486921337466376,-0.8352512753003077,-8.504534,-0.760734
11.185,2.0,1.0,1.0,34.9,34.5,34.5,1.6,3.1,2.95,-0.37541157974305117,-0.26810273539341045,0.13048880482655037,-0.8661601844131631,-8.014496,-0.850687
11.185,2.0,1.0,1.0,34.9,34.5,34.5,1.6,3.1,2.9525,-0.399971835663951,-0.1575181015643087,0.08690927557014114,-0.887002308164918,-7.759056,-0.90666
11.185,2.0,1.0,1.0,34.9,34.5,34.5,1.6,3.1,2.955,-0.4083245765466774,-0.04340579001256525,0.037366006082965406,-0.8986124093687811,-7.743672,-0.918431
11.185,2.0,1.0,1.0,34.9,34.5,34.5,1.6,3.1,2.9575,-0.397551815027283,0.07654769975043421,-0.01409344522446166,-0.9006227636607611,-8.006671,-0.877881
11.185,2.0,1.0,1.0,34.9,34.5,34.5,1.6,3.1,2.96,-0.364629595097956,0.205496399243099,-0.06191392873332685,-0.8906213386122034,-8.639518,-0.780873
11.185,2.0,1.0,1.0,34.9,34.5,34.5,1.6,3.1,2.9625,-0.30688170098505235,0.34671172218942775,-0.09780143519891009,-0.8628815967342482,-9.840475,-0.630975
11.185,2.0,1.0,1.0,34.9,34.5,34.5,1.6,3.1,2.965,-0.22378773048578898,0.5015534092249251,-0.10901624178760738,-0.806684966738159,-12.078501,-0.446507
11.185,2.0,1.0,1.0,34.9,34.5,34.5,1.6,3.1,2.9675,-0.12164545451874623,0.6646283511357031,-0.07729124648370801,-0.7053176105842331,-16.82531,-0.272402
11.185,2.0,1.0,1.0,34.9,34.5,34.5,1.6,3.1,2.97,-0.02204487699480503,0.8151833939072205,0.017469874939987626,-0.5399045812462258,-31.017285,-0.195326
11.185,2.0,1.0,1.0,34.9,34.5,34.5,1.6,3.1,2.9725,0.03173078411254703,0.910676884869738,0.18104905642347535,-0.305755164327215,-14.712683,-0.348837
11.185,2.0,1.0,1.0,34.9,34.5,34.5,1.6,3.1,2.975,-0.009258790360398752,0.9029948386217262,0.37935408503093276,-0.03807200221881881,-8.416518,-0.878581
11.185,2.0,1.0,1.0,34.9,34.5,34.5,1.6,3.1,2.9775,-0.1539616784614368,0.7843480585013223,0.5416044937666418,0.19140932293706872,-4.988865,-1.858594
11.185,2.0,1.0,1.0,34.9,34.5,34.5,1.6,3.1,2.98,-0.35316360962484444,0.6052929679863078,0.6150389149540169,0.3295017388214975,-2.984343,-3.233512
11.185,2.0,1.0,1.0,34.9,34.5,34.5,1.6,3.1,2.9825,-0.5453998070707977,0.4283696584669759,0.6014129914793764,0.3780365295102516,-1.810101,-4.862336
11.185,2.0,1.0,1.0,34.9,34.5,34.5,1.6,3.1,2.985,-0.6987034417794533,0.28621663410587445,0.5330988479762707,0.36959342799749734,-1.121685,-6.605103
11.185,2.0,1.0,1.0,34.9,34.5,34.5,1.6,3.1,2.9875,-0.8089921823344574,0.18335362655632875,0.44052842784724133,0.3347328336900214,-0.713309,-8.366459
11.185,2.0,1.0,1.0,34.9,34.5,34.5,1.6,3.1,2.99,-0.8838452626142932,0.1125572101047531,0.34205254670586477,0.2918531478765593,-0.466355,-10.094508
11.185,2.0,1.0,1.0,34.9,34.5,34.5,1.6,3.1,2.9925,-0.932501625024519,0.06491844591823072,0.2464552464534152,0.2497541833316982,-0.313772,-11.765808
11.185,2.0,1.0,1.0,34.9,34.5,34.5,1.6,3.1,2.995,-0.9625136505209124,0.033196762580340065,0.15717249938687033,0.2118870153690883,-0.217575,-13.372598
11.185,2.0,1.0,1.0,34.9,34.5,34.5,1.6,3.1,2.9975,-0.9793376916898289,0.012225588666325789,0.07508812356133439,0.17916123869050693,-0.155895,-14.914943
11.185,2.0,1.0,1.0,34.9,34.5,34.5,1.6,3.1,3.0,-0.9867499644768575,-0.001506753945165985,-2.941556148994273e-06,0.1514096521352805,-0.115858,-16.396499
11.185,2.0,1.0,1.0,34.9,34.5,34.5,1.6,3.1,3.0025,-0.9873387267982653,-0.010350000605159757,-0.06870444815788174,0.12807630680990398,-0.089698,-17.822355
11.185,2.0,1.0,1.0,34.9,34.5,34.5,1.6,3.1,3.005,-0.982888375678395,-0.015875050115148483,-0.13171436269356962,0.10851811415795838,-0.072617,-19.197994
11.185,2.0,1.0,1.0,34.9,34.5,34.5,1.6,3.1,3.0075,-0.9746456472523998,-0.019138254961980638,-0.18970054897806715,0.09212656666380548,-0.061581,-20.528812
11.185,2.0,1.0,1.0,34.9,34.5,34.5,1.6,3.1,3.01,-0.9634965066876087,-0.02085604992795113,-0.24325731366844058,0.07836912661525662,-0.054631,-21.819923
11.185,2.0,1.0,1.0,34.9,34.5,34.5,1.6,3.1,3.0125,-0.9500823021650278,-0.021518811414955562,-0.2928967331693377,0.06679635382509067,-0.050475,-23.076103
11.185,2.0,1.0,1.0,34.9,34.5,34.5,1.6,3.1,3.015,-0.9348761932899324,-0.021465117091206586,-0.33905385576229485,0.05703559109776509,-0.048252,-24.301803
11.185,2.0,1.0,1.0,34.9,34.5,34.5,1.6,3.1,3.0175,-0.918233890661904,-0.02093051148902822,-0.38209651220957014,0.04878037806530994,-0.047373,-25.501189
11.185,2.0,1.0,1.0,34.9,34.5,34.5,1.6,3.1,3.02,-0.9004277583221947,-0.02007984986963973,-0.42233578926031895,0.04177945560798251,-0.047433,-26.678195
11.185,2.0,1.0,1.0,34.9,34.5,34.5,1.6,3.1,3.0225,-0.8816700548014251,-0.01902899220372302,-0.460035625350706,0.03582683520067439,-0.048147,-27.836587
11.185,2.0,1.0,1.0,34.9,34.5,34.5,1.6,3.1,3.025,-0.8621290028810645,-0.017859522058999832,-0.49542105142750514,0.030753359403586422,-0.049318,-28.980016
11.185,2.0,1.0,1.0,34.9,34.5,34.5,1.6,3.1,3.0275,-0.841940063078987,-0.01662884558445005,-0.5286850490321613,0.026419743133031203,-0.0508,-30.112086
11.185,2.0,1.0,1.0,34.9,34.5,34.5,1.6,3.1,3.03,-0.8212139556012282,-0.015377194620582069,-0.5599941684713635,0.022710924441875995,-0.052493,-31.236412
11.185,2.0,1.0,1.0,34.9,34.5,34.5,1.6,3.1,3.0325,-0.8000424477135135,-0.01413253107199305,-0.5894930975107708,0.01953151333985065,-0.054321,-32.356681
11.185,2.0,1.0,1.0,34.9,34.5,34.5,1.6,3.1,3.035,-0.7785025846513373,-0.012914012542853437,-0.617308367225064,0.016802136539331512,-0.056231,-33.476729
11.185,2.0,1.0,1.0,34.9,34.5,34.5,1.6,3.1,3.0375,-0.75665982215723,-0.01173446118699452,-0.6435513590252333,0.014456502763718368,-0.058182,-34.600611
11.185,2.0,1.0,1.0,34.9,34.5,34.5,1.6,3.1,3.04,-0.7345703741045426,-0.01060213508660048,-0.6683207498286841,0.012439043388622352,-0.060146,-35.732691
11.185,2.0,1.0,1.0,34.9,34.5,34.5,1.6,3.1,3.0425,-0.7122829924137049,-0.009522007089906574,-0.6917045067455792,0.010703011064631283,-0.062102,-36.877738
11.185,2.0,1.0,1.0,34.9,34.5,34.5,1.6,3.1,3.045,-0.6898403316123262,-0.008496692874983112,-0.7137815205745728,0.009208942748159086,-0.064034,-38.041047
11.185,2.0,1.0,1.0,34.9,34.5,34.5,1.6,3.1,3.0475,-0.6672800061600548,-0.007527127271309055,-0.7346229491906935,0.007923413035485551,-0.065931,-39.22857
11.185,2.0,1.0,1.0,34.9,34.5,34.5,1.6,3.1,3.05,-0.6446354181358431,-0.006613058651566513,-0.75429332724916,0.0068180192858689126,-0.067784,-40.447071
11.185,2.0,1.0,1.0,34.9,34.5,34.5,1.6,3.1,3.0525,-0.6219364115802404,-0.005753411027596329,-0.7728514869826812,0.005868552353437083,-0.069589,-41.704284
11.185,2.0,1.0,1.0,34.9,34.5,34.5,1.6,3.1,3.055,-0.5992097947505716,-0.0049465494169941004,-0.7903513256801946,0.005054316442411013,-0.07134,-43.009044
11.185,2.0,1.0,1.0,34.9,34.5,34.5,1.6,3.1,3.0575,-0.576479760823798,-0.004190474151895131,-0.8068424482056189,0.004357569199090316,-0.073035,-44.371306
11.185,2.0,1.0,1.0,34.9,34.5,34.5,1.6,3.1,3.06,-0.5537682298572164,-0.0034829627829923116,-0.8223707072294282,0.0037630591068799012,-0.074673,-45.801823
11.185,2.0,1.0,1.0,34.9,34.5,34.5,1.6,3.1,3.0625,-0.531095129197336,-0.00282167321440389,-0.836978659369515,0.00325764191843251,-0.076253,-47.310929
11.185,2.0,1.0,1.0,34.9,34.5,34.5,1.6,3.1,3.065,-0.5084786254015865,-0.0022042180917901783,-0.8507059519046763,0.0028299615263452337,-0.077775,-48.905139
11.185,2.0,1.0,1.0,34.9,34.5,34.5,1.6,3.1,3.0675,-0.4859353176811117,-0.0016282178463695371,-0.8635896519273258,0.0024701835627436762,-0.079238,-50.57848
11.185,2.0,1.0,1.0,34.9,34.5,34.5,1.6,3.1,3.07,-0.46348040058962936,-0.0010913378859687011,-0.8756645275801147,0.0021697723007366135,-0.080644,-52.292267
11.185,2.0,1.0,1.0,34.9,34.5,34.5,1.6,3.1,3.0725,-0.44112780196417467,-0.0005913140214316397,-0.8869632892488014,0.001921303240407474,-0.081993,-53.935049
11.185,2.0,1.0,1.0,34.9,34.5,34.5,1.6,3.1,3.075,-0.4188903008181746,-0.00012596918159485016,-0.8975167971647526,0.0017183052017327373,-0.083286,-55.274716
11.185,2.0,1.0,1.0,34.9,34.5,34.5,1.6,3.1,3.0775,-0.39677962889007756,0.0003067762973888434,-0.9073542407289035,0.0015551268963787993,-0.084524,-55.998885
11.185,2.0,1.0,1.0,34.9,34.5,34.5,1.6,3.1,3.08,-0.3748065587823861,0.0007088990941818143,-0.9165032939474158,0.0014268238715238564,-0.085709,-55.954461
11.185,2.0,1.0,1.0,34.9,34.5,34.5,1.6,3.1,3.0825,-0.35298098103077125,0.0010822707489712836,-0.9249902506216321,0.0013290624597372233,-0.086842,-55.3199
11.185,2.0,1.0,1.0,34.9,34.5,34.5,1.6,3.1,3.085,-0.3313119719788595,0.0014286579685321137,-0.9328401423259728,0.001258037966956271,-0.087924,-54.40845
11.185,2.0,1.0,1.0,34.9,34.5,34.5,1.6,3.1,3.0875,-0.309807853969705,0.0017497246646948664,-0.9400768417096049,0.0012104048149924698,-0.088956,-53.442263
11.185,2.0,1.0,1.0,34.9,34.5,34.5,1.6,3.1,3.09,-0.288476249077925,0.002047035183323749,-0.9467231532486393,0.0011832167487133612,-0.089941,-52.525606
11.185,2.0,1.0,1.0,34.9,34.5,34.5,1.6,3.1,3.0925,-0.26732412737819045,0.0023220583185069,-0.9528008932386602,0.0011738755391513785,-0.090879,-51.694153
11.185,2.0,1.0,1.0,34.9,34.5,34.5,1.6,3.1,3.095,-0.24635785056406553,0.00257617181084282,-0.9583309605383712,0.0011800868765224925,-0.091772,-50.953241
11.185,2.0,1.0,1.0,34.9,34.5,34.5,1.6,3.1,3.0975,-0.22558321158563707,0.0028106671076172287,-0.9633333993434408,0.0011998223628084648,-0.092621,-50.296799
11.185,2.0,1.0,1.0,34.9,34.5,34.5,1.6,3.1,3.1,-0.20500547085695303,0.0030267542224743918,-0.9678274550765481,0.001231286691136457,-0.093428,-49.715382
11.185,2.0,1.0,1.0,34.9,34.5,34.5,1.6,3.1,3.1025,-0.1846293894898033,0.0032255665774622265,-0.9718316243180439,0.0012728892458445708,-0.094193,-49.19932
11.185,2.0,1.0,1.0,34.9,34.5,34.5,1.6,3.1,3.105,-0.1644592599332567,0.0034081657445721473,-0.9753636995661459,0.0013232194785929958,-0.094919,-48.739822
11.185,2.0,1.0,1.0,34.9,34.5,34.5,1.6,3.1,3.1075,-0.14449893433596397,0.003575546029713081,-0.9784408095014504,0.0013810255167699555,-0.095606,-48.329261
11.185,2.0,1.0,1.0,34.9,34.5,34.5,1.6,3.1,3.11,-0.12475185089694535,0.0037286388614544935,-0.9810794553342417,0.001445195544465841,-0.096257,-47.961152
11.185,2.0,1.0,1.0,34.9,34.5,34.5,1.6,3.1,3.1125,-0.10522105842856097,0.0038683169613713286,-0.9832955437315167,0.0015147415664489717,-0.096871,-47.630015
11.185,2.0,1.0,1.0,34.9,34.5,34.5,1.6,3.1,3.115,-0.08590923932101453,0.0039953982835664766,-0.9851044167514038,0.001588785224307966,-0.09745,-47.331231
11.185,2.0,1.0,1.0,34.9,34.5,34.5,1.6,3.1,3.1175,-0.06681873106895668,0.004110649718837158,-0.9865208791537441,0.0016665453832125341,-0.097996,-47.060894
11.185,2.0,1.0,1.0,34.9,34.5,34.5,1.6,3.1,3.12,-0.04795154649745522,0.004214790564662243,-0.9875592234053228,0.0017473272491960496,-0.09851,-46.815691
11.185,2.0,1.0,1.0,34.9,34.5,34.5,1.6,3.1,3.1225,-0.029309392804848487,0.004308495766239256,-0.9882332526552685,0.0018305128118115558,-0.098992,-46.592801
11.185,2.0,1.0,1.0,34.9,34.5,34.5,1.6,3.1,3.125,-0.0108936895236752,0.00439239893659031,-0.988556301919315,0.00191555243653856,-0.099444,-46.389806
11.185,2.0,1.0,1.0,34.9,34.5,34.5,1.6,3.1,3.1275,0.0072944145124782455,0.0044670951656045005,-0.988541257679995,0.002001957456315096,-0.099868,-46.204629
11.185,2.0,1.0,1.0,34.9,34.5,34.5,1.6,3.1,3.13,0.025254025120078644,0.00453314362901545,-0.9882005760826574,0.002089293632776662,-0.100263,-46.035471
11.185,2.0,1.0,1.0,34.9,34.5,34.5,1.6,3.1,3.1325,0.04298448756774846,0.004591070008907342,-0.9875462998837681,0.0021771753758116135,-0.10063,-45.880771
11.185,2.0,1.0,1.0,34.9,34.5,34.5,1.6,3.1,3.135,0.060485372170677086,0.004641368737560297,-0.9865900742877426,0.002265260625394625,-0.100972,-45.739166
11.185,2.0,1.0,1.0,34.9,34.5,34.5,1.6,3.1,3.1375,0.07775646062533796,0.004684505076362187,-0.9853431617910924,0.002353246312760667,-0.101289,-45.60946
11.185,2.0,1.0,1.0,34.9,34.5,34.5,1.6,3.1,3.14,0.09479773303808006,0.004720917041246246,-0.9838164561375559,0.002440864329176139,-0.101581,-45.490603
11.185,2.0,1.0,1.0,34.9,34.5,34.5,1.6,3.1,3.1425,0.11160935560626466,0.004751017185684938,-0.9820204954747841,0.00252787794015428,-0.101851,-45.381665
11.185,2.0,1.0,1.0,34.9,34.5,34.5,1.6,3.1,3.145,0.12819166891443626,0.0047751942517768094,-0.9799654747918067,0.002614078591180442,-0.102097,-45.281821
11.185,2.0,1.0,1.0,34.9,34.5,34.5,1.6,3.1,3.1475,0.14454517681179904,0.004793814699380267,-0.9776612577066347,0.002699283058078378,-0.102322,-45.190337
11.185,2.0,1.0,1.0,34.9,34.5,34.5,1.6,3.1,3.15,0.16067053584002755,0.004807224122668236,-0.9751173876647984,0.002783330901224217,-0.102526,-45.106557
11.185,2.0,1.0,1.0,34.9,34.5,34.5,1.6,3.1,3.1525,0.17656854518321613,0.004815748562860817,-0.9723430986021667,0.002866082188052302,-0.10271,-45.029893
11.185,2.0,1.0,1.0,34.9,34.5,34.5,1.6,3.1,3.155,0.19224013711392388,0.00481969572530079,-0.9693473251189021,0.002947415452815258,-0.102875,-44.959817
11.185,2.0,1.0,1.0,34.9,34.5,34.5,1.6,3.1,3.1575,0.2076863679111399,0.004819356108440106,-0.9661387122057817,0.0030272258664673667,-0.103021,-44.895852
11.185,2.0,1.0,1.0,34.9,34.5,34.5,1.6,3.1,3.16,0.22290840922782984,0.004815004051752895,-0.9627256245591678,0.003105423592919916,-0.103149,-44.837566
11.185,2.0,1.0,1.0,34.9,34.5,34.5,1.6,3.1,3.1625,0.2379075398870461,0.004806898709040448,-0.9591161555166492,0.0031819323108466966,-0.103261,-44.78457
11.185,2.0,1.0,1.0,34.9,34.5,34.5,1.6,3.1,3.165,0.25268513808695703,0.004795284953092969,-0.9553181356416244,0.003256687882760978,-0.103355,-44.736507
11.185,2.0,1.0,1.0,34.9,34.5,34.5,1.6,3.1,3.1675,0.26724267399636115,0.004780394217191177,-0.9513391409818205,0.0033296371552944777,-0.103434,-44.693054
11.185,2.0,1.0,1.0,34.9,34.5,34.5,1.6,3.1,3.17,0.2815817027231018,0.004762445278483085,-0.9471865010239363,0.0034007368765316018,-0.103498,-44.653915
11.185,2.0,1.0,1.0,34.9,34.5,34.5,1.6,3.1,3.1725,0.29570385763894547,0.004741644987859948,-0.9428673063640614,0.003469952717927579,-0.103546,-44.618818
11.185,2.0,1.0,1.0,34.9,34.5,34.5,1.6,3.1,3.175,0.3096108440450967,0.004718188950565806,-0.938388416111407,0.0035372583898007313,-0.103581,-44.587515
11.185,2.0,1.0,1.0,34.9,34.5,34.5,1.6,3.1,3.1775,0.3233044331634998,0.004692262161420884,-0.9337564650409345,0.0036026348406661387,-0.103603,-44.559778
11.185,2.0,1.0,1.0,34.9,34.5,34.5,1.6,3.1,3.18,0.3367864564395548,0.004664039598214086,-0.9289778705088703,0.0036660695317941544,-0.103611,-44.535396
11.185,2.0,1.0,1.0,34.9,34.5,34.5,1.6,3.1,3.1825,0.3500588001426619,0.004633686776512613,-0.924058839143619,0.0037275557793559604,-0.103607,-44.514174
11.185,2.0,1.0,1.0,34.9,34.5,34.5,1.6,3.1,3.185,0.3631234002515943,0.004601360268865871,-0.9190053733233005,0.0037870921573755077,-0.103591,-44.495933
11.185,2.0,1.0,1.0,34.9,34.5,34.5,1.6,3.1,3.1875,0.3759822376121,0.00456720819112273,-0.913823277450124,0.00384468195545998,-0.103564,-44.480505
11.185,2.0,1.0,1.0,34.9,34.5,34.5,1.6,3.1,3.19,0.38863733335489375,0.004531370658354719,-0.908518164030716,0.003900332685943465,-0.103526,-44.467736
11.185,2.0,1.0,1.0,34.9,34.5,34.5,1.6,3.1,3.1925,0.40109074456243066,0.0044939802126578565,-0.903095459570813,0.00395405563565978,-0.103477,-44.457482
11.185,2.0,1.0,1.0,34.9,34.5,34.5,1.6,3.1,3.195,0.4133445601734941,0.0044551622249216945,-0.8975604102918974,0.004005865458075468,-0.103418,-44.449609
11.185,2.0,1.0,1.0,34.9,34.5,34.5,1.6,3.1,3.1975,0.4254008971150199,0.004415035272469447,-0.8919180876767369,0.004055779801965088,-0.10335,-44.443991
11.185,2.0,1.0,1.0,34.9,34.5,34.5,1.6,3.1,3.2,0.4372618966508983,0.004373711494316882,-0.886173393850269,0.004103818973212477,-0.103272,-44.440513
11.185,2.0,1.0,1.0,34.9,34.5,34.5,1.6,3.1,3.2025,0.44892972093807165,0.004331296925650228,-0.8803310668017015,0.004150005626675051,-0.103186,-44.439065
11.185,2.0,1.0,1.0,34.9,34.5,34.5,1.6,3.1,3.205,0.4604065497804492,0.004287891812987566,-0.8743956854533264,0.004194364485361742,-0.103091,-44.439544
11.185,2.0,1.0,1.0,34.9,34.5,34.5,1.6,3.1,3.2075,0.47169457757162797,0.004243590911369064,-0.8683716745811546,0.004236922084453168,-0.102988,-44.441855
11.185,2.0,1.0,1.0,34.9,34.5,34.5,1.6,3.1,3.21,0.4827960104177536,0.004198483764809739,-0.8622633095921186,0.0042777065379397215,-0.102877,-44.445907
11.185,2.0,1.0,1.0,34.9,34.5,34.5,1.6,3.1,3.2125,0.49371306343212684,0.00415265497114671,-0.8560747211623387,0.004316747325872834,-0.102759,-44.451615
11.185,2.0,1.0,1.0,34.9,34.5,34.5,1.6,3.1,3.215,0.5044479581935916,0.004106184432322301,-0.8498098997406462,0.0043540751004195865,-0.102634,-44.458899
11.185,2.0,1.0,1.0,34.9,34.5,34.5,1.6,3.1,3.2175,0.515002920360927,0.004059147591061041,-0.8434726999213835,0.004389721509085817,-0.102503,-44.467685
11.185,2.0,1.0,1.0,34.9,34.5,34.5,1.6,3.1,3.22,0.5253801774359296,0.004011615654820115,-0.837066844690228,0.004423719033627894,-0.102365,-44.4779
11.185,2.0,1.0,1.0,34.9,34.5,34.5,1.6,3.1,3.2225,0.5355819566679858,0.003963655807827112,-0.8305959295466956,0.004456100843312166,-0.102221,-44.489479
11.185,2.0,1.0,1.0,34.9,34.5,34.5,1.6,3.1,3.225,0.545610483093365,0.003915331411952747,-0.8240634265067397,0.004486900661306323,-0.102071,-44.502356
11.185,2.0,1.0,1.0,34.9,34.5,34.5,1.6,3.1,3.2275,0.5554679777026981,0.003866702197110427,-0.8174726879887583,0.004516152643097655,-0.101916,-44.516472
11.185,2.0,1.0,1.0,34.9,34.5,34.5,1.6,3.1,3.23,0.5651566557302898,0.0038178244418213473,-0.8108269505862166,0.004543891265933377,-0.101755,-44.53177
11.185,2.0,1.0,1.0,34.9,34.5,34.5,1.6,3.1,3.2325,0.5746787250593323,0.003768751144536249,-0.8041293387299047,0.004570151228368369,-0.101589,-44.548195
11.185,2.0,1.0,1.0,34.9,34.5,34.5,1.6,3.1,3.235,0.5840363847371653,0.003719532186260395,-0.7973828682428412,0.004594967359086849,-0.101419,-44.565697
11.185,2.0,1.0,1.0,34.9,34.5,34.5,1.6,3.1,3.2375,0.5932318235950795,0.003670214484991736,-0.7905904497906646,0.004618374534236167,-0.101244,-44.584225
11.185,2.0,1.0,1.0,34.9,34.5,34.5,1.6,3.1,3.24,0.6022672189673933,0.0036208421424400988,-0.7837548922302737,0.004640407602578704,-0.101065,-44.603735
11.185,2.0,1.0,1.0,34.9,34.5,34.5,1.6,3.1,3.2425,0.6111447355046484,0.0035714565834678086,-0.77687890585948,0.004661101317825044,-0.100882,-44.62418
11.185,2.0,1.0,1.0,34.9,34.5,34.5,1.6,3.1,3.245,0.6198665240761577,0.0035220966886571896,-0.7699651055702108,0.0046804902775676345,-0.100695,-44.64552
11.185,2.0,1.0,1.0,34.9,34.5,34.5,1.6,3.1,3.2475,0.6284347207571644,0.00347279892038592,-0.7630160139079148,0.004698608868280551,-0.100505,-44.667714
11.185,2.0,1.0,1.0,34.9,34.5,34.5,1.6,3.1,3.25,0.63685144589625,0.00342359744276256,-0.756034064039576,0.00471549121589734,-0.100311,-44.690723
11.185,2.0,1.0,1.0,34.9,34.5,34.5,1.6,3.1,3.2525,0.6451188032586677,0.0033745242357533047,-0.7490216026328346,0.004731171141517323,-0.100114,-44.71451
11.185,2.0,1.0,1.0,34.9,34.5,34.5,1.6,3.1,3.255,0.6532388792415792,0.0033256092038085605,-0.7419808926485513,0.004745682121828339,-0.099914,-44.739041
11.185,2.0,1.0,1.0,34.9,34.5,34.5,1.6,3.1,3.2575,0.6612137421573158,0.003276880279277549,-0.7349141160491387,0.004759057253866498,-0.09971,-44.764282
11.185,2.0,1.0,1.0,34.9,34.5,34.5,1.6,3.1,3.26,0.6690454415809148,0.0032283635208823205,-0.727823376424941,0.004771329223764207,-0.099505,-44.7902
11.185,2.0,1.0,1.0,34.9,34.5,34.5,1.6,3.1,3.2625,0.6767360077584555,0.0031800832075049774,-0.7207107015408458,0.004782530279164919,-0.099296,-44.816766
11.185,2.0,1.0,1.0,34.9,34.5,34.5,1.6,3.1,3.265,0.6842874510727578,0.0031320619275240448,-0.7135780458053271,0.004792692205008878,-0.099086,-44.843949
11.185,2.0,1.0,1.0,34.9,34.5,34.5,1.6,3.1,3.2675,0.6917017615632529,0.003084320663927509,-0.7064272926640158,0.004801846302416614,-0.098873,-44.871721
11.185,2.0,1.0,1.0,34.9,34.5,34.5,1.6,3.1,3.27,0.6989809084969743,0.003036878875409702,-0.6992602569198528,0.004810023370418851,-0.098658,-44.900055
11.185,2.0,1.0,1.0,34.9,34.5,34.5,1.6,3.1,3.2725,0.706126839987688,0.002989754573652201,-0.6920786869818892,0.004817253690299702,-0.098441,-44.928924
11.185,2.0,1.0,1.0,34.9,34.5,34.5,1.6,3.1,3.275,0.7131414826604328,0.002942964396974819,-0.6848842670446693,0.0048235670123395686,-0.098223,-44.958305
11.185,2.0,1.0,1.0,34.9,34.5,34.5,1.6,3.1,3.2775,0.7200267413587761,0.002896523680533283,-0.6776786192001528,0.004828992544758538,-0.098002,-44.988172
11.185,2.0,1.0,1.0,34.9,34.5,34.5,1.6,3.1,3.28,0.7267844988922629,0.0028504465232298114,-0.6704633054840797,0.004833558944677709,-0.097781,-45.018503
11.185,2.0,1.0,1.0,34.9,34.5,34.5,1.6,3.1,3.2825,0.7334166158216843,0.0028047458514939656,-0.6632398298585787,0.004837294310928718,-0.097557,-45.049275
11.185,2.0,1.0,1.0,34.9,34.5,34.5,1.6,3.1,3.285,0.7399249302798194,0.002759433480082976,-0.6560096401328964,0.004840226178555279,-0.097333,-45.080466
11.185,2.0,1.0,1.0,34.9,34.5,34.5,1.6,3.1,3.2875,0.7463112578255405,0.0027145201700412946,-0.6487741298239392,0.0048423815148611535,-0.097107,-45.112057
11.185,2.0,1.0,1.0,34.9,34.5,34.5,1.6,3.1,3.29,0.7525773913291518,0.002670015683954244,-0.6415346399584145,0.004843786716871367,-0.09688,-45.144027
11.185,2.0,1.0,1.0,34.9,34.5,34.5,1.6,3.1,3.2925,0.7587251008870473,0.002625928838620964,-0.6342924608182081,0.0048444676100817844,-0.096653,-45.176357
11.185,2.0,1.0,1.0,34.9,34.5,34.5,1.6,3.1,3.295,0.7647561337637832,0.002582267555267314,-0.6270488336306774,0.004844449448383109,-0.096424,-45.209029
11.185,2.0,1.0,1.0,34.9,34.5,34.5,1.6,3.1,3.2975,0.770672214359814,0.00253903890741259,-0.6198049522054506,0.004843756915052379,-0.096195,-45.242025
11.185,2.0,1.0,1.0,34.9,34.5,34.5,1.6,3.1,3.3,0.7764750442032106,0.002496249166497624,-0.6125619645192818,0.004842414124714021,-0.095965,-45.275327
11.185,2.0,1.0,1.0,34.9,34.5,34.5,1.6,3.1,3.3025,0.7821663019637408,0.002453903845378193,-0.6053209742505381,0.004840444626179495,-0.095734,-45.308919
11.185,2.0,1.0,1.0,34.9,34.5,34.5,1.6,3.1,3.305,0.787747643487839,0.002412007739779457,-0.5980830422647505,0.004837871406081121,-0.095503,-45.342785
11.185,2.0,1.0,1.0,34.9,34.5,34.5,1.6,3.1,3.3075,0.7932207018529874,0.0023705649678073663,-0.5908491880527308,0.004834716893222335,-0.095271,-45.376909
11.185,2.0,1.0,1.0,34.9,34.5,34.5,1.6,3.1,3.31,0.7985870874401775,0.002329579007602418,-0.5836203911226512,0.0048310029635722455,-0.095039,-45.411277
11.185,2.0,1.0,1.0,34.9,34.5,34.5,1.6,3.1,3.3125,0.803848388023162,0.00228905273322243,-0.576397592347458,0.00482675094583784,-0.094807,-45.445873
11.185,2.0,1.0,1.0,34.9,34.5,34.5,1.6,3.1,3.315,0.8090061688732568,0.0022489884488326316,-0.5691816952689951,0.004821981627552196,-0.094575,-45.480685
11.185,2.0,1.0,1.0,34.9,34.5,34.5,1.6,3.1,3.3175,0.8140619728785685,0.0022093879212812285,-0.5619735673601091,0.004816715261621667,-0.094342,-45.515698
11.185,2.0,1.0,1.0,34.9,34.5,34.5,1.6,3.1,3.32,0.8190173206765347,0.002170252411132656,-0.5547740412460516,0.004810971573279418,-0.094109,-45.550899
11.185,2.0,1.0,1.0,34.9,34.5,34.5,1.6,3.1,3.3225,0.823873710798745,0.002131582702227835,-0.5475839158863973,0.004804769767396661,-0.093877,-45.586276
11.185,2.0,1.0,1.0,34.9,34.5,34.5,1.6,3.1,3.325,0.8286326198270889,0.002093379129836942,-0.5404039577186834,0.0047981285361067124,-0.093644,-45.621817
11.185,2.0,1.0,1.0,34.9,34.5,34.5,1.6,3.1,3.3275,0.8332955025602711,0.002055641607471455,-0.5332349017649805,0.004791066066700352,-0.093412,-45.657509
11.185,2.0,1.0,1.0,34.9,34.5,34.5,1.6,3.1,3.33,0.8378637921898664,0.0020183696524103062,-0.526077452702483,0.0047836000497543385,-0.093179,-45.693342
11.185,2.0,1.0,1.0,34.9,34.5,34.5,1.6,3.1,3.3325,0.8423389004850548,0.0019815624100032467,-0.5189322858993021,0.004775747687457909,-0.092947,-45.729303
11.185,2.0,1.0,1.0,34.9,34.5,34.5,1.6,3.1,3.335,0.8467222179852851,0.0019452186768026494,-0.5118000484164789,0.004767525702104757,-0.092715,-45.765382
11.185,2.0,1.0,1.0,34.9,34.5,34.5,1.6,3.1,3.3375,0.8510151142001287,0.0019093369225785882,-0.5046813599773124,0.004758950344720611,-0.092484,-45.80157
11.185,2.0,1.0,1.0,34.9,34.5,34.5,1.6,3.1,3.34,0.8552189378156229,0.0018739153112657394,-0.49757681390501607,0.0047500374037992045,-0.092252,-45.837854
11.185,2.0,1.0,1.0,34.9,34.5,34.5,1.6,3.1,3.3425,0.8593350169064857,0.0018389517208916959,-0.4904869780296732,0.004740802214121213,-0.092022,-45.874227
11.185,2.0,1.0,1.0,34.9,34.5,34.5,1.6,3.1,3.345,0.8633646591535455,0.0018044437625309604,-0.48341239556550375,0.00473125966563323,-0.091791,-45.910678
11.185,2.0,1.0,1.0,34.9,34.5,34.5,1.6,3.1,3.3475,0.8673091520658585,0.0017703887983298258,-0.4763535859593199,0.004721424212365501,-0.091561,-45.947199
11.185,2.0,1.0,1.0,34.9,34.5,34.5,1.6,3.1,3.35,0.8711697632069338,0.0017367839586425618,-0.46931104571113685,0.0047113098813691785,-0.091332,-45.983779
11.185,2.0,1.0,1.0,34.9,34.5,34.5,1.6,3.1,3.3525,0.8749477404245789,0.001703626158320616,-0.46228524916779934,0.0047009302816553656,-0.091103,-46.020411
11.185,2.0,1.0,1.0,34.9,34.5,34.5,1.6,3.1,3.355,0.8786443120838873,0.0016709121121913238,-0.45527664929045825,0.004690298613119684,-0.090875,-46.057086
11.185,2.0,1.0,1.0,34.9,34.5,34.5,1.6,3.1,3.3575,0.8822606873029066,0.0016386383497636408,-0.44828567839678635,0.00467942767543795,-0.090647,-46.093796
11.185,2.0,1.0,1.0,34.9,34.5,34.5,1.6,3.1,3.36,0.8857980561905885,0.0016068012291964168,-0.4413127488786747,0.004668329876919398,-0.090421,-46.130533
11.185,2.0,1.0,1.0,34.9,34.5,34.5,1.6,3.1,3.3625,0.8892575900865978,0.001575396950560762,-0.43435825389626076,0.004657017243305479,-0.090194,-46.16729
11.185,2.0,1.0,1.0,34.9,34.5,34.5,1.6,3.1,3.365,0.8926404418026462,0.0015444215684305934,-0.4274225680489846,0.00464550142650322,-0.089969,-46.204059
11.185,2.0,1.0,1.0,34.9,34.5,34.5,1.6,3.1,3.3675,0.8959477458649732,0.0015138710038304934,-0.4205060480244635,0.004633793713243291,-0.089744,-46.240832
11.185,2.0,1.0,1.0,34.9,34.5,34.5,1.6,3.1,3.37,0.8991806187576679,0.001483741055570143,-0.41360903322587544,0.0046219050336540664,-0.08952,-46.277603
11.185,2.0,1.0,1.0,34.9,34.5,34.5,1.6,3.1,3.3725,0.9023401591665375,0.0014540274109949285,-0.40673184637852466,0.004609845969743531,-0.089297,-46.314365
11.185,2.0,1.0,1.0,34.9,34.5,34.5,1.6,3.1,3.375,0.905427448223217,0.00142472565617601,-0.399874794116324,0.00459762676378207,-0.089075,-46.351112
11.185,2.0,1.0,1.0,34.9,34.5,34.5,1.6,3.1,3.3775,0.9084435497492835,0.0013958312855701918,-0.3930381675487697,0.004585257326579797,-0.088853,-46.387836
11.185,2.0,1.0,1.0,34.9,34.5,34.5,1.6,3.1,3.38,0.9113895105001134,0.001367339711168632,-0.3862222428090903,0.004572747245653033,-0.088632,-46.424532
11.185,2.0,1.0,1.0,34.9,34.5,34.5,1.6,3.1,3.3825,0.9142663604082621,0.0013392462711626035,-0.3794272815841846,0.004560105793274758,-0.088413,-46.461194
11.185,2.0,1.0,1.0,34.9,34.5,34.5,1.6,3.1,3.385,0.9170751128261585,0.0013115462381453522,-0.3726535316268854,0.004547341934405079,-0.088194,-46.497816
11.185,2.0,1.0,1.0,34.9,34.5,34.5,1.6,3.1,3.3875,0.9198167647679083,0.0012842348268727354,-0.36590122725120505,0.004534464334498027,-0.087976,-46.534392
11.185,2.0,1.0,1.0,34.9,34.5,34.5,1.6,3.1,3.39,0.9224922971500374,0.0012573072016030759,-0.35917058981104616,0.0045214813671813426,-0.087759,-46.570917
11.185,2.0,1.0,1.0,34.9,34.5,34.5,1.6,3.1,3.3925,0.9251026750309963,0.0012307584830355712,-0.35246182816296,0.004508401121806798,-0.087543,-46.607385
11.185,2.0,1.0,1.0,34.9,34.5,34.5,1.6,3.1,3.395,0.9276488478492761,0.001204583754865352,-0.34577513911346874,0.004495231410868984,-0.087328,-46.643791
11.185,2.0,1.0,1.0,34.9,34.5,34.5,1.6,3.1,3.3975,0.9301317496599988,0.0011787780699743238,-0.33911070785142705,0.004481979777290537,-0.087114,-46.68013
11.185,2.0,1.0,1.0,34.9,34.5,34.5,1.6,3.1,3.4,0.9325522993698337,0.0011533364562736326,-0.33246870836596554,0.004468653501572701,-0.086901,-46.716398
11.185,2.0,1.0,1.0,34.9,34.5,34.5,1.6,3.1,3.4025,0.9349114009701441,0.001128253922214809,-0.325849303850427,0.004455259608810031,-0.086689,-46.752589
11.185,2.0,1.0,1.0,34.9,34.5,34.5,1.6,3.1,3.405,0.9372099437682266,0.0011035254619844899,-0.31925264709282003,0.004441804875568761,-0.086478,-46.788699
11.185,2.0,1.0,1.0,34.9,34.5,34.5,1.6,3.1,3.4075,0.9394488026165675,0.0010791460603986715,-0.31267888085317175,0.004428295836628192,-0.086268,-46.824723
11.185,2.0,1.0,1.0,34.9,34.5,34.5,1.6,3.1,3.41,0.9416288381400074,0.0010551106975095813,-0.3061281382282582,0.004414738791585294,-0.086059,-46.860658
11.185,2.0,1.0,1.0,34.9,34.5,34.5,1.6,3.1,3.4125,0.9437508969607373,0.0010314143529395246,-0.299600543004105,0.004401139811322403,-0.085851,-46.896499
11.185,2.0,1.0,1.0,34.9,34.5,34.5,1.6,3.1,3.415,0.9458158119210542,0.0010080520099547113,-0.2930962099966515,0.004387504744338523,-0.085644,-46.932241
11.185,2.0,1.0,1.0,34.9,34.5,34.5,1.6,3.1,3.4175,0.9478244023037983,0.0009850186592910834,-0.2866152453810106,0.004373839222944857,-0.085438,-46.967881
11.185,2.0,1.0,1.0,34.9,34.5,34.5,1.6,3.1,3.42,0.9497774740504294,0.0009623093027440244,-0.2801577470096351,0.004360148669325133,-0.085233,-47.003416
11.185,2.0,1.0,1.0,34.9,34.5,34.5,1.6,3.1,3.4225,0.9516758199766658,0.0009399189565344054,-0.2737238047198241,0.004346438301461965,-0.08503,-47.038841
11.185,2.0,1.0,1.0,34.9,34.5,34.5,1.6,3.1,3.425,0.9535202199856565,0.0009178426544598509,-0.26731350063087816,0.0043327131389299806,-0.084827,-47.074153
11.185,2.0,1.0,1.0,34.9,34.5,34.5,1.6,3.1,3.4275,0.9553114412786398,0.0008960754508436327,-0.26092690943125263,0.004318978008557312,-0.084626,-47.109348
11.185,2.0,1.0,1.0,34.9,34.5,34.5,1.6,3.1,3.43,0.9570502385630454,0.0008746124232895218,-0.25456409865605767,0.004305237549956552,-0.084426,-47.144423
11.185,2.0,1.0,1.0,34.9,34.5,34.5,1.6,3.1,3.4325,0.9587373542580195,0.0008534486752533753,-0.24822512895519755,0.004291496220926721,-0.084226,-47.179375
11.185,2.0,1.0,1.0,34.9,34.5,34.5,1.6,3.1,3.435,0.9603735186973402,0.0008325793384391125,-0.24191005435248653,0.004277758302727826,-0.084028,-47.2142
11.185,2.0,1.0,1.0,34.9,34.5,34.5,1.6,3.1,3.4375,0.961959450329704,0.000811999575028987,-0.235618922496015,0.00426402790522971,-0.083831,-47.248897
11.185,2.0,1.0,1.0,34.9,34.5,34.5,1.6,3.1,3.44,0.9634958559163626,0.0007917045797556784,-0.22935177490006967,0.0042503089719367814,-0.083635,-47.28346
11.185,2.0,1.0,1.0,34.9,34.5,34.5,1.6,3.1,3.4425,0.9649834307261023,0.0007716895818240773,-0.2231086471788926,0.0042366052848906155,-0.083441,-47.317889
11.185,2.0,1.0,1.0,34.9,34.5,34.5,1.6,3.1,3.445,0.9664228587275543,0.0007519498466909789,-0.2168895692725277,0.00422292046945212,-0.083247,-47.352179
11.185,2.0,1.0,1.0,34.9,34.5,34.5,1.6,3.1,3.4475,0.9678148127788236,0.0007324806777088453,-0.21069456566504707,0.004209257998965233,-0.083054,-47.386329
11.185,2.0,1.0,1.0,34.9,34.5,34.5,1.6,3.1,3.45,0.9691599548144442,0.0007132774176411848,-0.20452365559537708,0.004195621199304136,-0.082863,-47.420335
11.185,2.0,1.0,1.0,34.9,34.5,34.5,1.6,3.1,3.4525,0.9704589360296517,0.0006943354500558109,-0.19837685326099402,0.00418201325330603,-0.082673,-47.454196
11.185,2.0,1.0,1.0,34.9,34.5,34.5,1.6,3.1,3.455,0.9717123970619789,0.0006756502006029005,-0.19225416801472864,0.004168437205091152,-0.082484,-47.487909
11.185,2.0,1.0,1.0,34.9,34.5,34.5,1.6,3.1,3.4575,0.9729209681701823,0.0006572171381821662,-0.18615560455486943,0.004154895964272686,-0.082296,-47.521471
11.185,2.0,1.0,1.0,34.9,34.5,34.5,1.6,3.1,3.46,0.9740852694105041,0.0006390317760071761,-0.18008116310885014,0.004141392310057917,-0.082109,-47.554881
11.185,2.0,1.0,1.0,34.9,34.5,34.5,1.6,3.1,3.4625,0.9752059108102784,0.0006210896725695794,-0.17403083961066576,0.004127928895243251,-0.081923,-47.588135
11.185,2.0,1.0,1.0,34.9,34.5,34.5,1.6,3.1,3.465,0.9762834925388995,0.0006033864325115104,-0.16800462587228207,0.00411450825010488,-0.081739,-47.621233
11.185,2.0,1.0,1.0,34.9,34.5,34.5,1.6,3.1,3.4675,0.9773186050761584,0.0005859177074076481,-0.16200250974920843,0.004101132786187333,-0.081555,-47.654172
11.185,2.0,1.0,1.0,34.9,34.5,34.5,1.6,3.1,3.47,0.9783118293779722,0.000568679196464839,-0.15602447530042582,0.004087804799991746,-0.081373,-47.68695
11.185,2.0,1.0,1.0,34.9,34.5,34.5,1.6,3.1,3.4725,0.9792637370395116,0.000551666647141501,-0.15007050294287713,0.00407452647656636,-0.081192,-47.719565
11.185,2.0,1.0,1.0,34.9,34.5,34.5,1.6,3.1,3.475,0.9801748904557591,0.0005348758556925257,-0.14414056960067648,0.0040612998930007185,-0.081011,-47.752016
11.185,2.0,1.0,1.0,34.9,34.5,34.5,1.6,3.1,3.4775,0.9810458429795094,0.0005183026676427365,-0.13823464884924308,0.004048127021826256,-0.080833,-47.784301
11.185,2.0,1.0,1.0,34.9,34.5,34.5,1.6,3.1,3.48,0.9818771390768314,0.0005019429781935821,-0.132352711054488,0.004035009734324802,-0.080655,-47.816418
11.185,2.0,1.0,1.0,34.9,34.5,34.5,1.6,3.1,3.4825,0.9826693144800226,0.00048579273256634366,-0.12649472350725532,0.0040219498037472575,-0.080478,-47.848365
11.185,2.0,1.0,1.0,34.9,34.5,34.5,1.6,3.1,3.485,0.983422896338073,0.0004698479262856864,-0.1206606505531603,0.004008948908444599,-0.080302,-47.880142
11.185,2.0,1.0,1.0,34.9,34.5,34.5,1.6,3.1,3.4875,0.9841384033646648,0.00045410460540628374,-0.11485045371796461,0.003996008634912805,-0.080128,-47.911746
11.185,2.0,1.0,1.0,34.9,34.5,34.5,1.6,3.1,3.49,0.9848163459837334,0.00043855886668707695,-0.10906409182866816,0.003983130480753993,-0.079955,-47.943177
11.185,2.0,1.0,1.0,34.9,34.5,34.5,1.6,3.1,3.4925,0.9854572264726152,0.0004232068577143655,-0.10330152113042454,0.0039703158575556665,-0.079782,-47.974432
11.185,2.0,1.0,1.0,34.9,34.5,34.5,1.6,3.1,3.495,0.98606153910281,0.0004080447769785748,-0.09756269539944191,0.003957566093689844,-0.079611,-48.005512
11.185,2.0,1.0,1.0,34.9,34.5,34.5,1.6,3.1,3.4975,0.9866297702783835,0.00039306887390586515,-0.09184756605200471,0.003944882437034133,-0.079441,-48.036414
11.185,2.0,1.0,1.0,34.9,34.5,34.5,1.6,3.1,3.5,0.987162398672039,0.000378275448848384,-0.0861560822497173,0.00393226605761648,-0.079272,-48.067137
